"Txhash","Blockno","UnixTimestamp","DateTime","From","To","ContractAddress","Value_IN(ETH)","Value_OUT(ETH)","CurrentValue @ $2704.52/Eth","TxnFee(ETH)","TxnFee(USD)","Historical $Price/Eth","Status","ErrCode","Method"
"0xb21d03aab26a81a580a260cb2201314c1073ca37d403ed462ce9450780901972","13751824","1638787277","2021-12-06 10:41:17","0xb5d85cbf7cb3ee0d56b3bb207d5fc4b82f43f511","0xc4d5b7c576edfbac20fa081cff79ec745193e207","","286.895536249358862231","0","775914.715697116","0.001393513420152","3.76878491506949","4357.17","","","Transfer",""
"0xe9bbd3a2d9da63b6f3f6a3b43f5a1d73e54a752dc0420cd394c7862d083655e7","13751824","1638787277","2021-12-06 10:41:17","0xddfabcdc4d8ffc6d5beaf154f18b778f892a0740","0xc4d5b7c576edfbac20fa081cff79ec745193e207","","286.895536249358862231","0","775914.715697116","0.001393513420152","3.76878491506949","4357.17","","","Transfer",""
"0xf771bbc9374b75dca8421ce5caeb084283fed055bb03dee1140df32722799bb8","13751824","1638787277","2021-12-06 10:41:17","0x3cd751e6b0078be393132286c442345e5dc49699","0xc4d5b7c576edfbac20fa081cff79ec745193e207","","286.895536249358862231","0","775914.715697116","0.001393513420152","3.76878491506949","4357.17","","","Transfer",""
"0xa04226fd2fbdf3c6d905a1b03f6f4d15ae8ab5b32acdcaa3e1ef187ca7f5c1e2","13751824","1638787277","2021-12-06 10:41:17","0xddfabcdc4d8ffc6d5beaf154f18b778f892a0740","0xc4d5b7c576edfbac20fa081cff79ec745193e207","","286.895536249358862231","0","775914.715697116","0.001393513420152","3.76878491506949","4357.17","","","Transfer",""
"0x63d29fab4b2490776578939f655b88a9787b247c76e00b3c19be413155b002fc","13751824","1638787277","2021-12-06 10:41:17","0xeb2629a2734e272bcc07bda959863f316f4bd4cf","0xc4d5b7c576edfbac20fa081cff79ec745193e207","","286.895536249358862231","0","775914.715697116","0.001393513420152","3.76878491506949","4357.17","","","Transfer",""
"0x74022fd855b87409d09c4dfd115f4302ca3f180836bbaab704ae430f6f118547","13751824","1638787277","2021-12-06 10:41:17","0xddfabcdc4d8ffc6d5beaf154f18b778f892a0740","0xc4d5b7c576edfbac20fa081cff79ec745193e207","","286.895536249358862231","0","775914.715697116","0.001393513420152","3.76878491506949","4357.17","","","Transfer",""
"0x94a688f160cf0f9dcb56479b38ab348bf99b0ede82dd25ee2407b21db82ea659","13751824","1638787277","2021-12-06 10:41:17","0x3cd751e6b0078be393132286c442345e5dc49699","0xc4d5b7c576edfbac20fa081cff79ec745193e207","","286.895536249358862231","0","775914.715697116","0.001393513420152","3.76878491506949","4357.17","","","Transfer",""
"0x150a557a9f5ce393c0e5ecbd4a7506d03aaf9578959e90b2fd73a3df0bb32410","13751824","1638787277","2021-12-06 10:41:17","0xeb2629a2734e272bcc07bda959863f316f4bd4cf","0xc4d5b7c576edfbac20fa081cff79ec745193e207","","286.895536249358862231","0","775914.715697116","0.001393513420152","3.76878491506949","4357.17","","","Transfer",""
"0xdfa15a9a30c35fbf80d78ad31cc3add9fb6b5a8a1736e9a7506f7fc0f3d633b0","13751824","1638787277","2021-12-06 10:41:17","0xeb2629a2734e272bcc07bda959863f316f4bd4cf","0xc4d5b7c576edfbac20fa081cff79ec745193e207","","286.895536249358862231","0","775914.715697116","0.001393513420152","3.76878491506949","4357.17","","","Transfer",""
"0xc9f1ce795c9c6decae1f57d6430b9ab70a9004ebccac48434cdeda9ae7ba3eba","13751824","1638787277","2021-12-06 10:41:17","0x3cd751e6b0078be393132286c442345e5dc49699","0xc4d5b7c576edfbac20fa081cff79ec745193e207","","286.895536249358862231","0","775914.715697116","0.001393513420152","3.76878491506949","4357.17","","","Transfer",""
"0xfe94a89d91ee6cf508b186bfe1b34e6b815e7e9b55ce9e7c810c5d1787b21710","13751824","1638787277","2021-12-06 10:41:17","0xddfabcdc4d8ffc6d5beaf154f18b778f892a0740","0xc4d5b7c576edfbac20fa081cff79ec745193e207","","286.895536249358862231","0","775914.715697116","0.001393513420152","3.76878491506949","4357.17","","","Transfer",""
"0x3253347c3f1880e4f29d3f4cd7357321349a7591de2ece6dc59e4075dc502358","13751824","1638787277","2021-12-06 10:41:17","0xb5d85cbf7cb3ee0d56b3bb207d5fc4b82f43f511","0xc4d5b7c576edfbac20fa081cff79ec745193e207","","286.895536249358862231","0","775914.715697116","0.001393513420152","3.76878491506949","4357.17","","","Transfer",""
"0x7571497c2f646c145bd6f460b1b5dd80c155a3c54edf704c30fd08e863d57356","13751824","1638787277","2021-12-06 10:41:17","0x3cd751e6b0078be393132286c442345e5dc49699","0xc4d5b7c576edfbac20fa081cff79ec745193e207","","286.895536249358862231","0","775914.715697116","0.001393513420152","3.76878491506949","4357.17","","","Transfer",""
"0x4c85589b2e69c7adf79cc759acfd51856393685c328e6b0b3d90a65bac3fd8f8","13751824","1638787277","2021-12-06 10:41:17","0xddfabcdc4d8ffc6d5beaf154f18b778f892a0740","0xc4d5b7c576edfbac20fa081cff79ec745193e207","","286.895536249358862231","0","775914.715697116","0.001393513420152","3.76878491506949","4357.17","","","Transfer",""
"0x894b4214aa33cbc17745b8b089b6b8b2134cdc5bdee5d85a599173fd1ce07135","13751824","1638787277","2021-12-06 10:41:17","0xeb2629a2734e272bcc07bda959863f316f4bd4cf","0xc4d5b7c576edfbac20fa081cff79ec745193e207","","286.895536249358862231","0","775914.715697116","0.001393513420152","3.76878491506949","4357.17","","","Transfer",""
"0xa0bd89fde1c9ac8fde7b1f3fcdf4327a50bf0f94846c5e59cc7be6ce83fbf58d","13751824","1638787277","2021-12-06 10:41:17","0xb5d85cbf7cb3ee0d56b3bb207d5fc4b82f43f511","0xc4d5b7c576edfbac20fa081cff79ec745193e207","","286.895536249358862231","0","775914.715697116","0.001393513420152","3.76878491506949","4357.17","","","Transfer",""
"0x5cd53412a15ea67d908beae599b1fc487712ff5e5a46d7876cf4401330216655","13751824","1638787277","2021-12-06 10:41:17","0xb5d85cbf7cb3ee0d56b3bb207d5fc4b82f43f511","0xc4d5b7c576edfbac20fa081cff79ec745193e207","","286.895536249358862231","0","775914.715697116","0.001393513420152","3.76878491506949","4357.17","","","Transfer",""
"0x07c440853fce6156f48202cf09f13b6e8bba59a5f6889a97ded19e3277808a2e","13751824","1638787277","2021-12-06 10:41:17","0xeb2629a2734e272bcc07bda959863f316f4bd4cf","0xc4d5b7c576edfbac20fa081cff79ec745193e207","","286.895536249358862231","0","775914.715697116","0.001393513420152","3.76878491506949","4357.17","","","Transfer",""
"0xc05350b61e1dd6332ab72121ad3b47061e5beb2e2394e7c53734f070d8833382","13751824","1638787277","2021-12-06 10:41:17","0x3cd751e6b0078be393132286c442345e5dc49699","0xc4d5b7c576edfbac20fa081cff79ec745193e207","","286.895536249358862231","0","775914.715697116","0.001393513420152","3.76878491506949","4357.17","","","Transfer",""
"0x7742cb08eccf329a917e7494ae33bea09b8a7ff1d695b45831aff495097ae8c9","13751824","1638787277","2021-12-06 10:41:17","0xddfabcdc4d8ffc6d5beaf154f18b778f892a0740","0xc4d5b7c576edfbac20fa081cff79ec745193e207","","286.895536249358862231","0","775914.715697116","0.001393513420152","3.76878491506949","4357.17","","","Transfer",""
"0x7b61df6abd28a8973a13a540f92a5bc8734ee52ef4d438d8b7f6a79ed819fc1e","13751824","1638787277","2021-12-06 10:41:17","0xddfabcdc4d8ffc6d5beaf154f18b778f892a0740","0xc4d5b7c576edfbac20fa081cff79ec745193e207","","286.895536249358862231","0","775914.715697116","0.001393513420152","3.76878491506949","4357.17","","","Transfer",""
"0x66d763688716f8f6541597a681678dcc75e04834966d1211ea79830692eba62b","13751824","1638787277","2021-12-06 10:41:17","0xeb2629a2734e272bcc07bda959863f316f4bd4cf","0xc4d5b7c576edfbac20fa081cff79ec745193e207","","286.895536249358862231","0","775914.715697116","0.001393513420152","3.76878491506949","4357.17","","","Transfer",""
"0x1da327036abcdfe93357d9e1200cfddc8450d7ea9883fdef061e986ef9d2d847","13751824","1638787277","2021-12-06 10:41:17","0x3cd751e6b0078be393132286c442345e5dc49699","0xc4d5b7c576edfbac20fa081cff79ec745193e207","","286.895536249358862231","0","775914.715697116","0.001393513420152","3.76878491506949","4357.17","","","Transfer",""
"0xa4347db819f3f6854bd51f0c81e2c3211611d86d5020e4a8ace5f6909d07f431","13751824","1638787277","2021-12-06 10:41:17","0xb5d85cbf7cb3ee0d56b3bb207d5fc4b82f43f511","0xc4d5b7c576edfbac20fa081cff79ec745193e207","","286.895536249358862231","0","775914.715697116","0.001393513420152","3.76878491506949","4357.17","","","Transfer",""
"0x55f4ab3b79bb844577961ccc33c0929aefa31e8a18ae3af28cf553262bc57aef","13751824","1638787277","2021-12-06 10:41:17","0x3cd751e6b0078be393132286c442345e5dc49699","0xc4d5b7c576edfbac20fa081cff79ec745193e207","","286.895536249358862231","0","775914.715697116","0.001393513420152","3.76878491506949","4357.17","","","Transfer",""
"0xaf06caa69bffc715e11f9df979a39b4a0c8ade3876738717b81b93789f6cf985","13751824","1638787277","2021-12-06 10:41:17","0xddfabcdc4d8ffc6d5beaf154f18b778f892a0740","0xc4d5b7c576edfbac20fa081cff79ec745193e207","","286.895536249358862231","0","775914.715697116","0.001393513420152","3.76878491506949","4357.17","","","Transfer",""
"0xae811a7b493d594389b0c07be31093eeddca2fedd7260c678f274fe84c68d940","13751824","1638787277","2021-12-06 10:41:17","0xeb2629a2734e272bcc07bda959863f316f4bd4cf","0xc4d5b7c576edfbac20fa081cff79ec745193e207","","286.895536249358862231","0","775914.715697116","0.001393513420152","3.76878491506949","4357.17","","","Transfer",""
"0x55d00410d64e0a66bcc973bbed64841492a3e6c816a274fa7be72be0d98b7353","13751824","1638787277","2021-12-06 10:41:17","0xeb2629a2734e272bcc07bda959863f316f4bd4cf","0xc4d5b7c576edfbac20fa081cff79ec745193e207","","286.895536249358862231","0","775914.715697116","0.001393513420152","3.76878491506949","4357.17","","","Transfer",""
"0xb806983f0980553210bf62df8dad4e4d54ae67af2a7347ac57f323c779c14751","13751824","1638787277","2021-12-06 10:41:17","0xb5d85cbf7cb3ee0d56b3bb207d5fc4b82f43f511","0xc4d5b7c576edfbac20fa081cff79ec745193e207","","286.895536249358862231","0","775914.715697116","0.001393513420152","3.76878491506949","4357.17","","","Transfer",""
"0x3fcad941441fb97784377a7b0f3ae9e0dcba2eefb737f11f7110c6f4fe5a42fb","13751824","1638787277","2021-12-06 10:41:17","0x3cd751e6b0078be393132286c442345e5dc49699","0xc4d5b7c576edfbac20fa081cff79ec745193e207","","286.895536249358862231","0","775914.715697116","0.001393513420152","3.76878491506949","4357.17","","","Transfer",""
"0x7bf549ebdf7ca76f1fd63e3d7f41b583d14e937f4d4b0b8879718c1d045de22b","13751824","1638787277","2021-12-06 10:41:17","0x3cd751e6b0078be393132286c442345e5dc49699","0xc4d5b7c576edfbac20fa081cff79ec745193e207","","286.895536249358862231","0","775914.715697116","0.001393513420152","3.76878491506949","4357.17","","","Transfer",""
"0xe1897670d5b5cab790a67d8d732cb270c631ece60d7164247fb4ff61e4cb9a7f","13751824","1638787277","2021-12-06 10:41:17","0xddfabcdc4d8ffc6d5beaf154f18b778f892a0740","0xc4d5b7c576edfbac20fa081cff79ec745193e207","","286.895536249358862231","0","775914.715697116","0.001393513420152","3.76878491506949","4357.17","","","Transfer",""
"0xcb90f003b62f893b6f2473b39bab33103cf02966fecc92b466c61faee2e61ad8","13751824","1638787277","2021-12-06 10:41:17","0x3cd751e6b0078be393132286c442345e5dc49699","0xc4d5b7c576edfbac20fa081cff79ec745193e207","","286.895536249358862231","0","775914.715697116","0.001393513420152","3.76878491506949","4357.17","","","Transfer",""
"0x2d9f59c2aa9ca5161266868d9afda3a80fbd57d94be1455dc580d7ba643a5398","13751824","1638787277","2021-12-06 10:41:17","0xeb2629a2734e272bcc07bda959863f316f4bd4cf","0xc4d5b7c576edfbac20fa081cff79ec745193e207","","286.895536249358862231","0","775914.715697116","0.001393513420152","3.76878491506949","4357.17","","","Transfer",""
"0x25717ea717872607bf766958fea2c7528ea83d25786a1667ee32106dcebbe485","13751824","1638787277","2021-12-06 10:41:17","0xeb2629a2734e272bcc07bda959863f316f4bd4cf","0xc4d5b7c576edfbac20fa081cff79ec745193e207","","286.895536249358862231","0","775914.715697116","0.001393513420152","3.76878491506949","4357.17","","","Transfer",""
"0x8fd3ef21a2ca8588fe135b61da9ea047d9405ef513f2755c6f08f23c2c323c5b","13751824","1638787277","2021-12-06 10:41:17","0xeb2629a2734e272bcc07bda959863f316f4bd4cf","0xc4d5b7c576edfbac20fa081cff79ec745193e207","","286.895536249358862231","0","775914.715697116","0.001393513420152","3.76878491506949","4357.17","","","Transfer",""
"0xeb4d4437a9ba5d0a098d87a99e21c3373c1ad7f97cde9aacba2f8cf98aecf59e","13751824","1638787277","2021-12-06 10:41:17","0xddfabcdc4d8ffc6d5beaf154f18b778f892a0740","0xc4d5b7c576edfbac20fa081cff79ec745193e207","","286.895536249358862231","0","775914.715697116","0.001393513420152","3.76878491506949","4357.17","","","Transfer",""
"0xe9c0a9c98389a3231327ebf5e3fb4a8f40894a6cd28e20b51e0685745af8cac8","13751824","1638787277","2021-12-06 10:41:17","0xeb2629a2734e272bcc07bda959863f316f4bd4cf","0xc4d5b7c576edfbac20fa081cff79ec745193e207","","286.895536249358862231","0","775914.715697116","0.001393513420152","3.76878491506949","4357.17","","","Transfer",""
"0x730f69755cc08be30a5b0661a9d1878051cd1085c06d37ed2b0c622b48725dd1","13751824","1638787277","2021-12-06 10:41:17","0xeb2629a2734e272bcc07bda959863f316f4bd4cf","0xc4d5b7c576edfbac20fa081cff79ec745193e207","","286.895536249358862231","0","775914.715697116","0.001393513420152","3.76878491506949","4357.17","","","Transfer",""
"0x971b7076e76d3c5777ebf768b950a95d9a22e3ac9b1f8c8fbdcdfcc3795cf90d","13751824","1638787277","2021-12-06 10:41:17","0xddfabcdc4d8ffc6d5beaf154f18b778f892a0740","0xc4d5b7c576edfbac20fa081cff79ec745193e207","","286.895536249358862231","0","775914.715697116","0.001393513420152","3.76878491506949","4357.17","","","Transfer",""
"0x90d298fcbe60531be1b7cf761f1da470969c195c3fcdfcf13092d244f52937e0","13751824","1638787277","2021-12-06 10:41:17","0xb5d85cbf7cb3ee0d56b3bb207d5fc4b82f43f511","0xc4d5b7c576edfbac20fa081cff79ec745193e207","","286.895536249358862231","0","775914.715697116","0.001393513420152","3.76878491506949","4357.17","","","Transfer",""
"0xe4cab468592a1da8c6323fb45b32d288825f9674c5950ed156af9a241d3bcab2","13751824","1638787277","2021-12-06 10:41:17","0xddfabcdc4d8ffc6d5beaf154f18b778f892a0740","0xc4d5b7c576edfbac20fa081cff79ec745193e207","","286.895536249358862231","0","775914.715697116","0.001393513420152","3.76878491506949","4357.17","","","Transfer",""
"0xa87b2dc5a10d97c877737e10b95d0a8a15cea51ddc92e74f530220e35e6090be","13751824","1638787277","2021-12-06 10:41:17","0xeb2629a2734e272bcc07bda959863f316f4bd4cf","0xc4d5b7c576edfbac20fa081cff79ec745193e207","","286.895536249358862231","0","775914.715697116","0.001393513420152","3.76878491506949","4357.17","","","Transfer",""
"0x70ca751860f379c8274ced5763b7320a30ab7435e729122e4a8f6e1cefa80db2","13751824","1638787277","2021-12-06 10:41:17","0xeb2629a2734e272bcc07bda959863f316f4bd4cf","0xc4d5b7c576edfbac20fa081cff79ec745193e207","","286.895536249358862231","0","775914.715697116","0.001393513420152","3.76878491506949","4357.17","","","Transfer",""
"0x4f509540662395b488437e54653b6557443e94badab4d43186a4554c8375dfb5","13751824","1638787277","2021-12-06 10:41:17","0xb5d85cbf7cb3ee0d56b3bb207d5fc4b82f43f511","0xc4d5b7c576edfbac20fa081cff79ec745193e207","","286.895536249358862231","0","775914.715697116","0.001393513420152","3.76878491506949","4357.17","","","Transfer",""
"0xe9fc437fbfdd69d88ed6a64dfb1a334076172adbb4befe91222d5fab4cf68c15","13751824","1638787277","2021-12-06 10:41:17","0xddfabcdc4d8ffc6d5beaf154f18b778f892a0740","0xc4d5b7c576edfbac20fa081cff79ec745193e207","","286.895536249358862231","0","775914.715697116","0.001393513420152","3.76878491506949","4357.17","","","Transfer",""
"0xcbbceb9efbb687e0458c1e2233a45932f2185b18f19bb9e65b76208f0d8a4de8","13751824","1638787277","2021-12-06 10:41:17","0xddfabcdc4d8ffc6d5beaf154f18b778f892a0740","0xc4d5b7c576edfbac20fa081cff79ec745193e207","","286.895536249358862231","0","775914.715697116","0.001393513420152","3.76878491506949","4357.17","","","Transfer",""
"0x20a577e8f86644d3c6b7456ca9e21fb3ca00728f8b8b638004eddbed6b2b4819","13751824","1638787277","2021-12-06 10:41:17","0xddfabcdc4d8ffc6d5beaf154f18b778f892a0740","0xc4d5b7c576edfbac20fa081cff79ec745193e207","","286.895536249358862231","0","775914.715697116","0.001393513420152","3.76878491506949","4357.17","","","Transfer",""
"0xadc15d1b9c88f212a13be61e15ba2cffd85cff8e330780188c3b2faf09dcc427","13751824","1638787277","2021-12-06 10:41:17","0xddfabcdc4d8ffc6d5beaf154f18b778f892a0740","0xc4d5b7c576edfbac20fa081cff79ec745193e207","","286.895536249358862231","0","775914.715697116","0.001393513420152","3.76878491506949","4357.17","","","Transfer",""
"0x94620ba0663a4b25981706785b852976d6b8a59e6edc28e2fffc3c226d6d8bf5","13751824","1638787277","2021-12-06 10:41:17","0xddfabcdc4d8ffc6d5beaf154f18b778f892a0740","0xc4d5b7c576edfbac20fa081cff79ec745193e207","","275.333110722456007329","0","744643.904611097","0.001393513420152","3.76878491506949","4357.17","","","Transfer",""
"0x7785afb45eeef58b154acca91cf1360e657dd0936796c5c74dc438c5fe5f7a1e","13751963","1638789296","2021-12-06 11:14:56","0xddfabcdc4d8ffc6d5beaf154f18b778f892a0740","0xc4d5b7c576edfbac20fa081cff79ec745193e207","","287.458101154017803943","0","777436.183733064","0.001462864525962","3.95634636775475","4357.17","","","Transfer",""
"0xe5103a2700dfefd86a3d7eaa990152c7eb9abc186894a2953ee07fb2ed8ff31a","13751963","1638789296","2021-12-06 11:14:56","0x3cd751e6b0078be393132286c442345e5dc49699","0xc4d5b7c576edfbac20fa081cff79ec745193e207","","287.458101154017803943","0","777436.183733064","0.001462864525962","3.95634636775475","4357.17","","","Transfer",""
"0x814ba3754d28ed470902e78826c1f89adfc709aa4d367f82ca35bd85f7d1fc55","13751963","1638789296","2021-12-06 11:14:56","0xb5d85cbf7cb3ee0d56b3bb207d5fc4b82f43f511","0xc4d5b7c576edfbac20fa081cff79ec745193e207","","287.458101154017803943","0","777436.183733064","0.001462864525962","3.95634636775475","4357.17","","","Transfer",""
"0xb2df0c9af6112657e1b466cc15ffa0469a0b04eb28fdd44f904b39f5c2255479","13751963","1638789296","2021-12-06 11:14:56","0xddfabcdc4d8ffc6d5beaf154f18b778f892a0740","0xc4d5b7c576edfbac20fa081cff79ec745193e207","","287.458101154017803943","0","777436.183733064","0.001462864525962","3.95634636775475","4357.17","","","Transfer",""
"0x98db5c8b2b441dc09f1ab7795430104abe97a592627dd7462cb85d216fac15a5","13751963","1638789296","2021-12-06 11:14:56","0xeb2629a2734e272bcc07bda959863f316f4bd4cf","0xc4d5b7c576edfbac20fa081cff79ec745193e207","","287.458101154017803943","0","777436.183733064","0.001462864525962","3.95634636775475","4357.17","","","Transfer",""
"0x21551cd49eb3a4577a59c547c3cd8cb0488ca2b6fa40734c6116fcacea6a15d7","13751963","1638789296","2021-12-06 11:14:56","0xb5d85cbf7cb3ee0d56b3bb207d5fc4b82f43f511","0xc4d5b7c576edfbac20fa081cff79ec745193e207","","287.458101154017803943","0","777436.183733064","0.001462864525962","3.95634636775475","4357.17","","","Transfer",""
"0xc3b29e99794230ff5d9cfa9470d3fd747914f10c7d99bf741e4191748c274ce2","13751963","1638789296","2021-12-06 11:14:56","0xddfabcdc4d8ffc6d5beaf154f18b778f892a0740","0xc4d5b7c576edfbac20fa081cff79ec745193e207","","287.458101154017803943","0","777436.183733064","0.001462864525962","3.95634636775475","4357.17","","","Transfer",""
"0x956a61c017c1168e7f0c954da40a0d59125b170e453d971f5d87999c5991db0c","13751963","1638789296","2021-12-06 11:14:56","0xb5d85cbf7cb3ee0d56b3bb207d5fc4b82f43f511","0xc4d5b7c576edfbac20fa081cff79ec745193e207","","287.458101154017803943","0","777436.183733064","0.001462864525962","3.95634636775475","4357.17","","","Transfer",""
"0xb56210e3e3a0998ec910f21e098fbabd5ba047ffcc779e26d51c77cda3ff321f","13751963","1638789296","2021-12-06 11:14:56","0xeb2629a2734e272bcc07bda959863f316f4bd4cf","0xc4d5b7c576edfbac20fa081cff79ec745193e207","","287.458101154017803943","0","777436.183733064","0.001462864525962","3.95634636775475","4357.17","","","Transfer",""
"0x72fee53dfeb51d163530a3f25a3ddd6f78e56d4ded97e03af6782ab9f499545d","13751963","1638789296","2021-12-06 11:14:56","0xeb2629a2734e272bcc07bda959863f316f4bd4cf","0xc4d5b7c576edfbac20fa081cff79ec745193e207","","287.458101154017803943","0","777436.183733064","0.001462864525962","3.95634636775475","4357.17","","","Transfer",""
"0xd1f85976d58f36ef56d0febd9b14aa83c9830c77a6a6474c4ffbe64fa74bb6bc","13751963","1638789296","2021-12-06 11:14:56","0xeb2629a2734e272bcc07bda959863f316f4bd4cf","0xc4d5b7c576edfbac20fa081cff79ec745193e207","","244.81583555618269477","0","662109.323578407","0.001462864525962","3.95634636775475","4357.17","","","Transfer",""
"0x4a5a47ac08f8f85c883cd5bbb4525fe112659d7248aa1730613ab72aec172de4","13752108","1638791336","2021-12-06 11:48:56","0xb5d85cbf7cb3ee0d56b3bb207d5fc4b82f43f511","0xc4d5b7c576edfbac20fa081cff79ec745193e207","","287.955667942166239379","0","778781.863062948","0.002401826242473","6.49578710929308","4357.17","","","Transfer",""
"0xc7b6ab44d7de9f5c35d3e31079a0651cfc76cfe98a3da5487cafbc6c37a7874b","13752108","1638791336","2021-12-06 11:48:56","0xddfabcdc4d8ffc6d5beaf154f18b778f892a0740","0xc4d5b7c576edfbac20fa081cff79ec745193e207","","287.955667942166239379","0","778781.863062948","0.002401826242473","6.49578710929308","4357.17","","","Transfer",""
"0x315378debd04e818c2b3a61400865ecb0e5e6907ecb8b2ce93146291320658dc","13752108","1638791336","2021-12-06 11:48:56","0xb5d85cbf7cb3ee0d56b3bb207d5fc4b82f43f511","0xc4d5b7c576edfbac20fa081cff79ec745193e207","","287.955667942166239379","0","778781.863062948","0.002401826242473","6.49578710929308","4357.17","","","Transfer",""
"0x2e6fe30680346706924a9fc01fbcfaeb5b6c45249096fb4e931c12ed6a0d6d39","13752108","1638791336","2021-12-06 11:48:56","0xeb2629a2734e272bcc07bda959863f316f4bd4cf","0xc4d5b7c576edfbac20fa081cff79ec745193e207","","287.955667942166239379","0","778781.863062948","0.002401826242473","6.49578710929308","4357.17","","","Transfer",""
"0x79605184ad0d121411ef142da0fb6704e5fbc199d9ccb49164bc0252304cf84f","13752108","1638791336","2021-12-06 11:48:56","0xb5d85cbf7cb3ee0d56b3bb207d5fc4b82f43f511","0xc4d5b7c576edfbac20fa081cff79ec745193e207","","287.955667942166239379","0","778781.863062948","0.002401826242473","6.49578710929308","4357.17","","","Transfer",""
"0xf2c0b5b35d5f61379fbd313f396673fb3179b57e24d460857efff2d70b26be03","13752108","1638791336","2021-12-06 11:48:56","0x3cd751e6b0078be393132286c442345e5dc49699","0xc4d5b7c576edfbac20fa081cff79ec745193e207","","287.955667942166239379","0","778781.863062948","0.002401826242473","6.49578710929308","4357.17","","","Transfer",""
"0x3dea84207deae402393eca1157a7c8c79f14ab6dbeaad4b2912a061f103a0309","13752108","1638791336","2021-12-06 11:48:56","0xeb2629a2734e272bcc07bda959863f316f4bd4cf","0xc4d5b7c576edfbac20fa081cff79ec745193e207","","287.955667942166239379","0","778781.863062948","0.002401826242473","6.49578710929308","4357.17","","","Transfer",""
"0xc87f16517456efe1edfce320467fd9f449344a046f3d5c11b7921450929faaf8","13752108","1638791336","2021-12-06 11:48:56","0xb5d85cbf7cb3ee0d56b3bb207d5fc4b82f43f511","0xc4d5b7c576edfbac20fa081cff79ec745193e207","","180.935008745937748967","0","489342.349853564","0.002401826242473","6.49578710929308","4357.17","","","Transfer",""
"0x400a324de7bea94ee18da4fd1ce01f7dcb32019629786e9685702e0268514fcf","13752108","1638791336","2021-12-06 11:48:56","0xeb2629a2734e272bcc07bda959863f316f4bd4cf","0xc4d5b7c576edfbac20fa081cff79ec745193e207","","287.955667942166239379","0","778781.863062948","0.002401826242473","6.49578710929308","4357.17","","","Transfer",""
"0x8f433ceab2e3db61d6fdf50c746237c976a736e69fc47a4924a3e41994188860","13752108","1638791336","2021-12-06 11:48:56","0xeb2629a2734e272bcc07bda959863f316f4bd4cf","0xc4d5b7c576edfbac20fa081cff79ec745193e207","","287.955667942166239379","0","778781.863062948","0.002401826242473","6.49578710929308","4357.17","","","Transfer",""
"0x7c8b79a31004cb33e1a75521344f5bffadcbf716cf0ce4aced3e671d220604fe","13752108","1638791336","2021-12-06 11:48:56","0xeb2629a2734e272bcc07bda959863f316f4bd4cf","0xc4d5b7c576edfbac20fa081cff79ec745193e207","","287.955667942166239379","0","778781.863062948","0.002401826242473","6.49578710929308","4357.17","","","Transfer",""
"0x041ac7e0dabcf54dc80db9adfc769f24f76b61c6f01ec02d2c566af88b72b208","13752415","1638795381","2021-12-06 12:56:21","0xeb2629a2734e272bcc07bda959863f316f4bd4cf","0xc4d5b7c576edfbac20fa081cff79ec745193e207","","288.35876577956028886","0","779872.049226136","0.001637801431224","4.42946672677393","4357.17","","","Transfer",""
"0x46ffe3485a7cfafe8a8408f78a445df242e56bf8f807b8c4bd75d5cac8cc3145","13752415","1638795381","2021-12-06 12:56:21","0xddfabcdc4d8ffc6d5beaf154f18b778f892a0740","0xc4d5b7c576edfbac20fa081cff79ec745193e207","","288.35876577956028886","0","779872.049226136","0.001637801431224","4.42946672677393","4357.17","","","Transfer",""
"0x8830793683e78c675aeba3ca6386caca5b2d7b99ebee74ead260a14ccb1986bd","13752415","1638795381","2021-12-06 12:56:21","0xb5d85cbf7cb3ee0d56b3bb207d5fc4b82f43f511","0xc4d5b7c576edfbac20fa081cff79ec745193e207","","288.35876577956028886","0","779872.049226136","0.001637801431224","4.42946672677393","4357.17","","","Transfer",""
"0xaac112c565a0aaecd8faf6da4e94ed54894049f6373e11ce4934c202b3000db2","13752415","1638795381","2021-12-06 12:56:21","0x3cd751e6b0078be393132286c442345e5dc49699","0xc4d5b7c576edfbac20fa081cff79ec745193e207","","288.35876577956028886","0","779872.049226136","0.001637801431224","4.42946672677393","4357.17","","","Transfer",""
"0xee6900ab86d15098dbdab09490c32a7079bd1e2b9c74a1189235b4e7399de8cc","13752415","1638795381","2021-12-06 12:56:21","0xddfabcdc4d8ffc6d5beaf154f18b778f892a0740","0xc4d5b7c576edfbac20fa081cff79ec745193e207","","288.35876577956028886","0","779872.049226136","0.001637801431224","4.42946672677393","4357.17","","","Transfer",""
"0x2c198b986094e52de8d8cda26558ce7d9563566fcba7d1062b9bf155f77089f0","13752415","1638795381","2021-12-06 12:56:21","0xeb2629a2734e272bcc07bda959863f316f4bd4cf","0xc4d5b7c576edfbac20fa081cff79ec745193e207","","288.35876577956028886","0","779872.049226136","0.001637801431224","4.42946672677393","4357.17","","","Transfer",""
"0xfe310af5935be73a1bb8f5e943beb029dd409ed570b305f7eb4ce8a9c1ffa520","13752415","1638795381","2021-12-06 12:56:21","0xb5d85cbf7cb3ee0d56b3bb207d5fc4b82f43f511","0xc4d5b7c576edfbac20fa081cff79ec745193e207","","288.35876577956028886","0","779872.049226136","0.001637801431224","4.42946672677393","4357.17","","","Transfer",""
"0x4bb7c5636af9413f4c0611a00b86d9cee10fa559082585a9ac32c5b678042c89","13752415","1638795381","2021-12-06 12:56:21","0x3cd751e6b0078be393132286c442345e5dc49699","0xc4d5b7c576edfbac20fa081cff79ec745193e207","","288.35876577956028886","0","779872.049226136","0.001637801431224","4.42946672677393","4357.17","","","Transfer",""
"0x5b6067b1bc814fdf314c493b0aceae87cbcfe974ca97a019f3325590d7e9ccb4","13752415","1638795381","2021-12-06 12:56:21","0xddfabcdc4d8ffc6d5beaf154f18b778f892a0740","0xc4d5b7c576edfbac20fa081cff79ec745193e207","","288.35876577956028886","0","779872.049226136","0.001637801431224","4.42946672677393","4357.17","","","Transfer",""
"0x64ff7c208735c513d69cb945210811b088ff8c58b122d78201c641539f4be797","13752415","1638795381","2021-12-06 12:56:21","0x3cd751e6b0078be393132286c442345e5dc49699","0xc4d5b7c576edfbac20fa081cff79ec745193e207","","288.35876577956028886","0","779872.049226136","0.001637801431224","4.42946672677393","4357.17","","","Transfer",""
"0x29fa4a2029c0fa0b4ca117ecf29fc47481e7a010d2147766b0a387bbe85083a6","13752415","1638795381","2021-12-06 12:56:21","0xeb2629a2734e272bcc07bda959863f316f4bd4cf","0xc4d5b7c576edfbac20fa081cff79ec745193e207","","288.35876577956028886","0","779872.049226136","0.001637801431224","4.42946672677393","4357.17","","","Transfer",""
"0xd1a8d2473e1765143a7097f9aa2788983f283a4d46dac5f5a5b12dc8d578dfd3","13752415","1638795381","2021-12-06 12:56:21","0xb5d85cbf7cb3ee0d56b3bb207d5fc4b82f43f511","0xc4d5b7c576edfbac20fa081cff79ec745193e207","","288.35876577956028886","0","779872.049226136","0.001637801431224","4.42946672677393","4357.17","","","Transfer",""
"0xd17a44ce645f415cb7e81cfdda1ac41fac30193c626af4046b0cb0e88eda3dac","13752415","1638795381","2021-12-06 12:56:21","0xeb2629a2734e272bcc07bda959863f316f4bd4cf","0xc4d5b7c576edfbac20fa081cff79ec745193e207","","238.251170868463889508","0","644355.056637178","0.001637801431224","4.42946672677393","4357.17","","","Transfer",""
"0x003abc8a89c45216e36e8d0f66fa268b350d081c800bbc92bb3847e53dce3fa0","13752415","1638795381","2021-12-06 12:56:21","0x3cd751e6b0078be393132286c442345e5dc49699","0xc4d5b7c576edfbac20fa081cff79ec745193e207","","288.35876577956028886","0","779872.049226136","0.001637801431224","4.42946672677393","4357.17","","","Transfer",""
"0x2c7b96cc5f89990fb35a69dc32803a3ac30e7484abaf621970f60068cec8792f","13752574","1638797426","2021-12-06 13:30:26","0xeb2629a2734e272bcc07bda959863f316f4bd4cf","0xc4d5b7c576edfbac20fa081cff79ec745193e207","","288.47363570946458866","0","780182.717248961","0.001391659326414","3.76377048147319","4357.17","","","Transfer",""
"0xfbc6f451540defbd73cc0fc3ffb3c101aced34c1a18fcd626bfb91d38aa641bd","13752574","1638797426","2021-12-06 13:30:26","0xddfabcdc4d8ffc6d5beaf154f18b778f892a0740","0xc4d5b7c576edfbac20fa081cff79ec745193e207","","166.719572249133470617","0","450896.417539226","0.001391659326414","3.76377048147319","4357.17","","","Transfer",""
"0xb70db9798d7c9e073291e2d1b4048bde766cd085e3e896dc586118e4d62c319a","13752574","1638797426","2021-12-06 13:30:26","0xb5d85cbf7cb3ee0d56b3bb207d5fc4b82f43f511","0xc4d5b7c576edfbac20fa081cff79ec745193e207","","288.47363570946458866","0","780182.717248961","0.001391659326414","3.76377048147319","4357.17","","","Transfer",""
"0x588f2216b402d57e6625146315f62c378a91628c97ed3f42f1556a410f71127d","13754767","1638827842","2021-12-06 21:57:22","0x3cd751e6b0078be393132286c442345e5dc49699","0xc4d5b7c576edfbac20fa081cff79ec745193e207","","284.933876882211019431","0","770609.368705477","0.00451571412957","12.2128391777047","4357.17","","","Transfer",""
"0xa349e658f03782af4525c8598882c1b19229ffb7700c98b9446f9369a6bfd6b2","13754767","1638827842","2021-12-06 21:57:22","0xeb2629a2734e272bcc07bda959863f316f4bd4cf","0xc4d5b7c576edfbac20fa081cff79ec745193e207","","284.933876882211019431","0","770609.368705477","0.00451571412957","12.2128391777047","4357.17","","","Transfer",""
"0xf828f28467497cfc39e6885e736ddb7e5e477c72edc0cbda50b106d86a0c0a36","13754767","1638827842","2021-12-06 21:57:22","0xb5d85cbf7cb3ee0d56b3bb207d5fc4b82f43f511","0xc4d5b7c576edfbac20fa081cff79ec745193e207","","284.933876882211019431","0","770609.368705477","0.00451571412957","12.2128391777047","4357.17","","","Transfer",""
"0xf3b8c7e51d851baef29d34b88a184ead73735d23e43258e7d6eff27bc827fee6","13754767","1638827842","2021-12-06 21:57:22","0x3cd751e6b0078be393132286c442345e5dc49699","0xc4d5b7c576edfbac20fa081cff79ec745193e207","","284.933876882211019431","0","770609.368705477","0.00451571412957","12.2128391777047","4357.17","","","Transfer",""
"0x06f8ef7012de767d0df15fd4202df826f2ff8a9808c34aa697f3328cd1677716","13754767","1638827842","2021-12-06 21:57:22","0xeb2629a2734e272bcc07bda959863f316f4bd4cf","0xc4d5b7c576edfbac20fa081cff79ec745193e207","","284.933876882211019431","0","770609.368705477","0.00451571412957","12.2128391777047","4357.17","","","Transfer",""
"0x473be851f05988a1ad0edc491d449c4dc8b012632a3bdd8949ff87be609369aa","13754767","1638827842","2021-12-06 21:57:22","0x3cd751e6b0078be393132286c442345e5dc49699","0xc4d5b7c576edfbac20fa081cff79ec745193e207","","94.062095225503553208","0","254392.817779279","0.00451571412957","12.2128391777047","4357.17","","","Transfer",""
"0xdbb15c6bbb8a15dbe99c01525d1587aef22503d8ebfe2340e7671964bbb2d617","13754915","1638829858","2021-12-06 22:30:58","0xb5d85cbf7cb3ee0d56b3bb207d5fc4b82f43f511","0xc4d5b7c576edfbac20fa081cff79ec745193e207","","284.235838062921563268","0","768721.508757933","0.002733456849144","7.39268871764693","4357.17","","","Transfer",""
"0x868c87c72a096b3f23b1e431c55b2d3ef58542506300ff3b656874db52e905bc","13754915","1638829858","2021-12-06 22:30:58","0xb5d85cbf7cb3ee0d56b3bb207d5fc4b82f43f511","0xc4d5b7c576edfbac20fa081cff79ec745193e207","","284.507248714859373227","0","769455.544294311","0.002733456849144","7.39268871764693","4357.17","","","Transfer",""
"0xc85ac7bc0659dd31e5df348045c875e48286704a26c565decfada8bb15f245fd","13755752","1638841050","2021-12-07 01:37:30","0xeb2629a2734e272bcc07bda959863f316f4bd4cf","0xc4d5b7c576edfbac20fa081cff79ec745193e207","","280.14014561964822659","0","757644.626631251","0.002017217986035","5.45560638759138","4309.70","","","Transfer",""
"0xe8acd4618469becbf16612064ed1eca8e6d6af30276b22b976ad19c0dd36e53f","13755752","1638841050","2021-12-07 01:37:30","0xddfabcdc4d8ffc6d5beaf154f18b778f892a0740","0xc4d5b7c576edfbac20fa081cff79ec745193e207","","280.14014561964822659","0","757644.626631251","0.002017217986035","5.45560638759138","4309.70","","","Transfer",""
"0x2ada66abfc8d8ed900f6d8a52d549e898b4cba1d0ed0fa2a1abcdbd4e794557d","13755752","1638841050","2021-12-07 01:37:30","0x3cd751e6b0078be393132286c442345e5dc49699","0xc4d5b7c576edfbac20fa081cff79ec745193e207","","280.14014561964822659","0","757644.626631251","0.002017217986035","5.45560638759138","4309.70","","","Transfer",""
"0x39e97d57f1e0635a3e2750e928a4e822eb85ba9deb865b6e74438f8bc4d83857","13755752","1638841050","2021-12-07 01:37:30","0xeb2629a2734e272bcc07bda959863f316f4bd4cf","0xc4d5b7c576edfbac20fa081cff79ec745193e207","","280.14014561964822659","0","757644.626631251","0.002017217986035","5.45560638759138","4309.70","","","Transfer",""
"0x6c42d79e2ad47fcfd3d3edb833015ee987ddf0127d028ada809407e026d3c051","13755752","1638841050","2021-12-07 01:37:30","0x3cd751e6b0078be393132286c442345e5dc49699","0xc4d5b7c576edfbac20fa081cff79ec745193e207","","280.14014561964822659","0","757644.626631251","0.002017217986035","5.45560638759138","4309.70","","","Transfer",""
"0xd37136f34e82e54878db264b4b0b6968ee3ec3bc76d900d0434d6846342a1989","13755752","1638841050","2021-12-07 01:37:30","0xddfabcdc4d8ffc6d5beaf154f18b778f892a0740","0xc4d5b7c576edfbac20fa081cff79ec745193e207","","280.14014561964822659","0","757644.626631251","0.002017217986035","5.45560638759138","4309.70","","","Transfer",""
"0xbd37a4c66cea58cf05fa0eb65c7a87c82f5958f49a431c374d502af174489f7d","13755752","1638841050","2021-12-07 01:37:30","0xeb2629a2734e272bcc07bda959863f316f4bd4cf","0xc4d5b7c576edfbac20fa081cff79ec745193e207","","280.14014561964822659","0","757644.626631251","0.002017217986035","5.45560638759138","4309.70","","","Transfer",""
"0x4758b2b56f94c70e9771f098818e2b879086427aaf7e3f45213620a2f8fab9f6","13755752","1638841050","2021-12-07 01:37:30","0x3cd751e6b0078be393132286c442345e5dc49699","0xc4d5b7c576edfbac20fa081cff79ec745193e207","","64.666955874420096925","0","174893.075501487","0.002017217986035","5.45560638759138","4309.70","","","Transfer",""
"0x196ad9273ac0395b0350d276fafb6983ff61c1a731a696ef32168fdbf075f489","13755902","1638843209","2021-12-07 02:13:29","0x3cd751e6b0078be393132286c442345e5dc49699","0xc4d5b7c576edfbac20fa081cff79ec745193e207","","288.181099261626955025","0","779391.546575055","0.002510547253053","6.7898252568269","4309.70","","","Transfer",""
"0xe5b80450b7d6b18d54a0241429191c786410a1132dde06560df6c41520cea182","13755902","1638843209","2021-12-07 02:13:29","0xddfabcdc4d8ffc6d5beaf154f18b778f892a0740","0xc4d5b7c576edfbac20fa081cff79ec745193e207","","279.677264833633261321","0","756392.756287858","0.002510547253053","6.7898252568269","4309.70","","","Transfer",""
"0xead1b8eb4304ba198fde04aef8b7e538c3132193ddba348fe51915b82c185584","13756192","1638847194","2021-12-07 03:19:54","0xeb2629a2734e272bcc07bda959863f316f4bd4cf","0xc4d5b7c576edfbac20fa081cff79ec745193e207","","278.954238951267705245","0","754437.318328483","0.002612524823622","7.06562563598217","4309.70","","","Transfer",""
"0xd191128d544214ae763a678dd83b12e2f43583b8ffbf01ac1b288db52d03b318","13756192","1638847194","2021-12-07 03:19:54","0xb5d85cbf7cb3ee0d56b3bb207d5fc4b82f43f511","0xc4d5b7c576edfbac20fa081cff79ec745193e207","","201.154857404065700941","0","544027.334946444","0.002612524823622","7.06562563598217","4309.70","","","Transfer",""
"0xecbcfac8712ee34c6f6cf3b94fe46cca88212bf29bfb14f215f01cf2c0ba1819","13756192","1638847194","2021-12-07 03:19:54","0xddfabcdc4d8ffc6d5beaf154f18b778f892a0740","0xc4d5b7c576edfbac20fa081cff79ec745193e207","","278.954238951267705245","0","754437.318328483","0.002612524823622","7.06562563598217","4309.70","","","Transfer",""
"0xa5fcefca5e74ea0a572ed85c806301201e20f25c47df9a00e818a6977451c7f2","13756192","1638847194","2021-12-07 03:19:54","0xddfabcdc4d8ffc6d5beaf154f18b778f892a0740","0xc4d5b7c576edfbac20fa081cff79ec745193e207","","278.954238951267705245","0","754437.318328483","0.002612524823622","7.06562563598217","4309.70","","","Transfer",""
"0xe64546095aa92bbac8b0a091bb4ce0534eb42093049fc8a8e64fba441e2edf6b","13756192","1638847194","2021-12-07 03:19:54","0xb5d85cbf7cb3ee0d56b3bb207d5fc4b82f43f511","0xc4d5b7c576edfbac20fa081cff79ec745193e207","","278.954238951267705245","0","754437.318328483","0.002612524823622","7.06562563598217","4309.70","","","Transfer",""
"0xf32d3bf9e627febd4f3bbabc4c542f34da2e4ab3317463bbbda5ba103ca9ae21","13756328","1638849266","2021-12-07 03:54:26","0x3cd751e6b0078be393132286c442345e5dc49699","0xc4d5b7c576edfbac20fa081cff79ec745193e207","","278.555246136031248087","0","753358.234279819","0.0019037620056","5.14876241938531","4309.70","","","Transfer",""
"0xb74ab43914dcbfabbd22335a9640e4534e555ad594f922b3e7973e01e59b35e7","13756328","1638849266","2021-12-07 03:54:26","0xddfabcdc4d8ffc6d5beaf154f18b778f892a0740","0xc4d5b7c576edfbac20fa081cff79ec745193e207","","278.555246136031248087","0","753358.234279819","0.0019037620056","5.14876241938531","4309.70","","","Transfer",""
"0xa5dea03ffdc943b5959e0f4c9c173fad8207dbbea101b5d224348c144c843ac0","13756328","1638849266","2021-12-07 03:54:26","0xddfabcdc4d8ffc6d5beaf154f18b778f892a0740","0xc4d5b7c576edfbac20fa081cff79ec745193e207","","182.574482959663834472","0","493776.34065407","0.0019037620056","5.14876241938531","4309.70","","","Transfer",""
"0x7aa47fdaf908d0e43839eb61a42b1034b0beae03764a9cd7006770cfb60ae1b9","13756644","1638853322","2021-12-07 05:02:02","0xeb2629a2734e272bcc07bda959863f316f4bd4cf","0xc4d5b7c576edfbac20fa081cff79ec745193e207","","277.8085776165885688","0","751338.854335616","0.002125374369825","5.74811749067911","4309.70","","","Transfer",""
"0x6a09c9f5a88dd626551afb7d0044394f79010ca7d611de5d4c258d17d4d9f209","13756644","1638853322","2021-12-07 05:02:02","0xb5d85cbf7cb3ee0d56b3bb207d5fc4b82f43f511","0xc4d5b7c576edfbac20fa081cff79ec745193e207","","277.8085776165885688","0","751338.854335616","0.002125374369825","5.74811749067911","4309.70","","","Transfer",""
"0xaa9615177691431d68061db390975415378ea96cd090c5ae7a0ab74bd3d8ef25","13756644","1638853322","2021-12-07 05:02:02","0xddfabcdc4d8ffc6d5beaf154f18b778f892a0740","0xc4d5b7c576edfbac20fa081cff79ec745193e207","","277.8085776165885688","0","751338.854335616","0.002125374369825","5.74811749067911","4309.70","","","Transfer",""
"0x197fc93e684ef85c9b9afd4e8366abdc39b1db8278c34e24d8760bb1dc807460","13756644","1638853322","2021-12-07 05:02:02","0xeb2629a2734e272bcc07bda959863f316f4bd4cf","0xc4d5b7c576edfbac20fa081cff79ec745193e207","","277.8085776165885688","0","751338.854335616","0.002125374369825","5.74811749067911","4309.70","","","Transfer",""
"0x5eb0aa162fc6957d55d96b6916eb9760dba3e13395117b1649dd230b2c73da01","13756644","1638853322","2021-12-07 05:02:02","0x3cd751e6b0078be393132286c442345e5dc49699","0xc4d5b7c576edfbac20fa081cff79ec745193e207","","277.8085776165885688","0","751338.854335616","0.002125374369825","5.74811749067911","4309.70","","","Transfer",""
"0x39858c25c8f8c72c46a9924520e544be88bbe1c507df382e8867652a9848f0f6","13756644","1638853322","2021-12-07 05:02:02","0xddfabcdc4d8ffc6d5beaf154f18b778f892a0740","0xc4d5b7c576edfbac20fa081cff79ec745193e207","","277.8085776165885688","0","751338.854335616","0.002125374369825","5.74811749067911","4309.70","","","Transfer",""
"0xb30b342ee5e17e358477a5712e73d9dd226f7f82069457eab42a60f5222eeb4c","13756644","1638853322","2021-12-07 05:02:02","0xeb2629a2734e272bcc07bda959863f316f4bd4cf","0xc4d5b7c576edfbac20fa081cff79ec745193e207","","277.8085776165885688","0","751338.854335616","0.002125374369825","5.74811749067911","4309.70","","","Transfer",""
"0x06e8bfedc50ab855209b5bd771ef6ae78a860d4fa5784b3a92dd1aca4e5ca35d","13756644","1638853322","2021-12-07 05:02:02","0x3cd751e6b0078be393132286c442345e5dc49699","0xc4d5b7c576edfbac20fa081cff79ec745193e207","","53.329369985134957496","0","144230.347712197","0.002125374369825","5.74811749067911","4309.70","","","Transfer",""
"0x1670bb494163132be2b95e6e71adaff49fa513dab6cce1c48d1e162fb39d483f","13756644","1638853322","2021-12-07 05:02:02","0x3cd751e6b0078be393132286c442345e5dc49699","0xc4d5b7c576edfbac20fa081cff79ec745193e207","","277.8085776165885688","0","751338.854335616","0.002125374369825","5.74811749067911","4309.70","","","Transfer",""
"0xfcd8da8ca99d94d3332a6c553b4e6de6646b3abffd6c1ac471747a62763cecf8","13756785","1638855323","2021-12-07 05:35:23","0xddfabcdc4d8ffc6d5beaf154f18b778f892a0740","0xc4d5b7c576edfbac20fa081cff79ec745193e207","","277.412884188821140409","0","750268.69354635","0.005777899541253","15.6264448673096","4309.70","","","Transfer",""
"0xda2b411828506e1123d9b64355c243635c6657907992665e6bab50a6de07cf07","13756785","1638855323","2021-12-07 05:35:23","0xeb2629a2734e272bcc07bda959863f316f4bd4cf","0xc4d5b7c576edfbac20fa081cff79ec745193e207","","277.412884188821140409","0","750268.69354635","0.005777899541253","15.6264448673096","4309.70","","","Transfer",""
"0x3358d4991dc5d0fc04f0d9e19b1c1400cee4734045c9f3fc29c2678035b36bfe","13756785","1638855323","2021-12-07 05:35:23","0x3cd751e6b0078be393132286c442345e5dc49699","0xc4d5b7c576edfbac20fa081cff79ec745193e207","","277.412884188821140409","0","750268.69354635","0.005777899541253","15.6264448673096","4309.70","","","Transfer",""
"0x429d036cad4af6b6e1c9f76de59e087d286bb973b84492ed050b253241018800","13756785","1638855323","2021-12-07 05:35:23","0xeb2629a2734e272bcc07bda959863f316f4bd4cf","0xc4d5b7c576edfbac20fa081cff79ec745193e207","","277.412884188821140409","0","750268.69354635","0.005777899541253","15.6264448673096","4309.70","","","Transfer",""
"0xd1cf9ff670ea5175592b8facf26e963f1bc89da0b84167cded5b82fcb39794c0","13756785","1638855323","2021-12-07 05:35:23","0x3cd751e6b0078be393132286c442345e5dc49699","0xc4d5b7c576edfbac20fa081cff79ec745193e207","","96.735089463441388775","0","261621.984155666","0.005777899541253","15.6264448673096","4309.70","","","Transfer",""
"0xdf2e334a856416a3995fb3b31e0dcbb3c9f6a0cf47853fa1981783161789add1","13756937","1638857380","2021-12-07 06:09:40","0xeb2629a2734e272bcc07bda959863f316f4bd4cf","0xc4d5b7c576edfbac20fa081cff79ec745193e207","","276.810945979849197045","0","748640.739621422","0.006222609339429","16.8291714106725","4309.70","","","Transfer",""
"0xeed18f92008071dbfa234a9f06bfcf430ec27be24a86f26c95b97349a54397f3","13756937","1638857380","2021-12-07 06:09:40","0x3cd751e6b0078be393132286c442345e5dc49699","0xc4d5b7c576edfbac20fa081cff79ec745193e207","","117.305081981700946588","0","317253.94032115","0.006222609339429","16.8291714106725","4309.70","","","Transfer",""
"0xa10a5a87d57c0b166647f6eaa6a2613b897806784557921607482756739c1a1b","13756937","1638857380","2021-12-07 06:09:40","0x3cd751e6b0078be393132286c442345e5dc49699","0xc4d5b7c576edfbac20fa081cff79ec745193e207","","276.810945979849197045","0","748640.739621422","0.006222609339429","16.8291714106725","4309.70","","","Transfer",""
"0xa4a90fe96b983f109953b64154e5dc691559cae63b498b32802ebd3b7bd79e2f","13756937","1638857380","2021-12-07 06:09:40","0xddfabcdc4d8ffc6d5beaf154f18b778f892a0740","0xc4d5b7c576edfbac20fa081cff79ec745193e207","","276.810945979849197045","0","748640.739621422","0.006222609339429","16.8291714106725","4309.70","","","Transfer",""
"0xd08479ffc12f87c2232cd4998aba4a07cd7d83fd3594f74474317626681cf470","13756937","1638857380","2021-12-07 06:09:40","0xddfabcdc4d8ffc6d5beaf154f18b778f892a0740","0xc4d5b7c576edfbac20fa081cff79ec745193e207","","276.810945979849197045","0","748640.739621422","0.006222609339429","16.8291714106725","4309.70","","","Transfer",""
"0xbcc56585cc31ba3ce573e9c27302ca87b25d457cb12b956288692d377353eb3e","13756937","1638857380","2021-12-07 06:09:40","0xddfabcdc4d8ffc6d5beaf154f18b778f892a0740","0xc4d5b7c576edfbac20fa081cff79ec745193e207","","276.810945979849197045","0","748640.739621422","0.006222609339429","16.8291714106725","4309.70","","","Transfer",""
"0x032e64e733dcfd8624880b9bf12681504796ac9b2fa5623c1348f9d8d789b9cc","13756937","1638857380","2021-12-07 06:09:40","0xddfabcdc4d8ffc6d5beaf154f18b778f892a0740","0xc4d5b7c576edfbac20fa081cff79ec745193e207","","276.810945979849197045","0","748640.739621422","0.006222609339429","16.8291714106725","4309.70","","","Transfer",""
"0x1c5ad2b25406150c6d164d3a0ae02b2d7e9ee0d6e26702d346a25e0e51658413","13757079","1638859338","2021-12-07 06:42:18","0xb5d85cbf7cb3ee0d56b3bb207d5fc4b82f43f511","0xc4d5b7c576edfbac20fa081cff79ec745193e207","","276.4601602430389232","0","747692.032580504","0.001900761714894","5.14064807316512","4309.70","","","Transfer",""
"0xf4901c35ebb9a7de2bc7205347c80b33bcb15e46659d8d03a27e083c4e7f70d9","13757079","1638859338","2021-12-07 06:42:18","0x3cd751e6b0078be393132286c442345e5dc49699","0xc4d5b7c576edfbac20fa081cff79ec745193e207","","276.4601602430389232","0","747692.032580504","0.001900761714894","5.14064807316512","4309.70","","","Transfer",""
"0xb8fd51bbe9af4e9c848a07443ad0efd40b7dea02d606d002a4c26b6f4a363632","13757079","1638859338","2021-12-07 06:42:18","0xeb2629a2734e272bcc07bda959863f316f4bd4cf","0xc4d5b7c576edfbac20fa081cff79ec745193e207","","41.33282367609536588","0","111785.448288473","0.001900761714894","5.14064807316512","4309.70","","","Transfer",""
"0xcc08285890308466f82bf797daee6bfad53264c1e1d4e3b3ceff83557b268127","13757233","1638861381","2021-12-07 07:16:21","0xeb2629a2734e272bcc07bda959863f316f4bd4cf","0xc4d5b7c576edfbac20fa081cff79ec745193e207","","276.091750039046562779","0","746695.659815602","0.001668449263215","4.51235440135023","4309.70","","","Transfer",""
"0x9623979bc873781512fb8e939615493750a4a36f1de20a70b4979a0be50893ec","13757233","1638861381","2021-12-07 07:16:21","0x3cd751e6b0078be393132286c442345e5dc49699","0xc4d5b7c576edfbac20fa081cff79ec745193e207","","290.041032877318507841","0","784421.774237365","0.001668449263215","4.51235440135023","4309.70","","","Transfer",""
"0xa0ee41a2a0a4edbce664b11b14ffb892eb15a0b760ea41020f622ed69de73430","13908474","1640891351","2021-12-30 19:09:11","0xb5d85cbf7cb3ee0d56b3bb207d5fc4b82f43f511","0xc4d5b7c576edfbac20fa081cff79ec745193e207","","317.067051510954066619","0","857514.182152405","0.002114103383805","5.7176348835683","3710.08","","","Transfer",""
"0xc807df335418e2bbb344dc286ce33a6fe0ffb9e1e778801d9678abdeec377dbf","13908474","1640891351","2021-12-30 19:09:11","0xb5d85cbf7cb3ee0d56b3bb207d5fc4b82f43f511","0xc4d5b7c576edfbac20fa081cff79ec745193e207","","317.067051510954066619","0","857514.182152405","0.002114103383805","5.7176348835683","3710.08","","","Transfer",""
"0xbd8cca628412f44615988190e82c81c2d4a62caaa64152c2d1ebaf775416c9a3","13908474","1640891351","2021-12-30 19:09:11","0xb5d85cbf7cb3ee0d56b3bb207d5fc4b82f43f511","0xc4d5b7c576edfbac20fa081cff79ec745193e207","","317.067051510954066619","0","857514.182152405","0.002114103383805","5.7176348835683","3710.08","","","Transfer",""
"0xf808b9f92fbf583425ad87433c608e39f5f5a198379a36e094d29af94a30fa92","13908474","1640891351","2021-12-30 19:09:11","0xb5d85cbf7cb3ee0d56b3bb207d5fc4b82f43f511","0xc4d5b7c576edfbac20fa081cff79ec745193e207","","317.067051510954066619","0","857514.182152405","0.002114103383805","5.7176348835683","3710.08","","","Transfer",""
"0xcbae568023a39008044a15f6ebee8ffc4c43441d088dd6648747e68fe3737d25","13908474","1640891351","2021-12-30 19:09:11","0xb5d85cbf7cb3ee0d56b3bb207d5fc4b82f43f511","0xc4d5b7c576edfbac20fa081cff79ec745193e207","","317.067051510954066619","0","857514.182152405","0.002114103383805","5.7176348835683","3710.08","","","Transfer",""
"0xba5603885392bb44ab255def0e8ea980d2e95aba1454625c9a6fa09648983ec9","13908474","1640891351","2021-12-30 19:09:11","0xb5d85cbf7cb3ee0d56b3bb207d5fc4b82f43f511","0xc4d5b7c576edfbac20fa081cff79ec745193e207","","317.067051510954066619","0","857514.182152405","0.002114103383805","5.7176348835683","3710.08","","","Transfer",""
"0x37fee8b15aca742e41088e4db82ade9295eeef4cf13d3272e900cc8bec025aa6","13908474","1640891351","2021-12-30 19:09:11","0xb5d85cbf7cb3ee0d56b3bb207d5fc4b82f43f511","0xc4d5b7c576edfbac20fa081cff79ec745193e207","","317.067051510954066619","0","857514.182152405","0.002114103383805","5.7176348835683","3710.08","","","Transfer",""
"0xa4e73e58ef74789a997c0b7aab040d6f92c9a89cf57ddc8ea23079c670c8046d","13908474","1640891351","2021-12-30 19:09:11","0xb5d85cbf7cb3ee0d56b3bb207d5fc4b82f43f511","0xc4d5b7c576edfbac20fa081cff79ec745193e207","","317.067051510954066619","0","857514.182152405","0.002114103383805","5.7176348835683","3710.08","","","Transfer",""
"0xad13bffd48dbb2f69a4cd0e0868e67461c3bb24c8f5d44936b204f65353dac80","13908474","1640891351","2021-12-30 19:09:11","0xb5d85cbf7cb3ee0d56b3bb207d5fc4b82f43f511","0xc4d5b7c576edfbac20fa081cff79ec745193e207","","317.067051510954066619","0","857514.182152405","0.002114103383805","5.7176348835683","3710.08","","","Transfer",""
"0x67fef4c9bc0914d7ece28a90f2bd373840faeec9b9368dcce29a8d242a87af22","13908474","1640891351","2021-12-30 19:09:11","0xb5d85cbf7cb3ee0d56b3bb207d5fc4b82f43f511","0xc4d5b7c576edfbac20fa081cff79ec745193e207","","317.067051510954066619","0","857514.182152405","0.002114103383805","5.7176348835683","3710.08","","","Transfer",""
"0x84339ed815444fd8f9e84cdfcd6ae07202e7137ff1925bcb5bb316116af09661","13908474","1640891351","2021-12-30 19:09:11","0xb5d85cbf7cb3ee0d56b3bb207d5fc4b82f43f511","0xc4d5b7c576edfbac20fa081cff79ec745193e207","","317.067051510954066619","0","857514.182152405","0.002114103383805","5.7176348835683","3710.08","","","Transfer",""
"0x03cb77cb8b6924f0b12b6c62382e6ed25a4b7e732725bece6146a3e04660bbe2","13908474","1640891351","2021-12-30 19:09:11","0xb5d85cbf7cb3ee0d56b3bb207d5fc4b82f43f511","0xc4d5b7c576edfbac20fa081cff79ec745193e207","","317.067051510954066619","0","857514.182152405","0.002114103383805","5.7176348835683","3710.08","","","Transfer",""
"0xaf4666cc829300e235d333d3ecc7f837d279a6d8596e1c6a4822e6d7aaebf531","13908474","1640891351","2021-12-30 19:09:11","0xb5d85cbf7cb3ee0d56b3bb207d5fc4b82f43f511","0xc4d5b7c576edfbac20fa081cff79ec745193e207","","317.067051510954066619","0","857514.182152405","0.002114103383805","5.7176348835683","3710.08","","","Transfer",""
"0xb7a309038caad77aba0338e614b39e7ced2709cf1941920859c3eb8129dc5835","13908474","1640891351","2021-12-30 19:09:11","0xb5d85cbf7cb3ee0d56b3bb207d5fc4b82f43f511","0xc4d5b7c576edfbac20fa081cff79ec745193e207","","317.067051510954066619","0","857514.182152405","0.002114103383805","5.7176348835683","3710.08","","","Transfer",""
"0x2a3b8a1f0ad857c37cd532221febd4a8b1bddec96bf221f7f5e8b7ad5fc23e2e","13908474","1640891351","2021-12-30 19:09:11","0xb5d85cbf7cb3ee0d56b3bb207d5fc4b82f43f511","0xc4d5b7c576edfbac20fa081cff79ec745193e207","","317.067051510954066619","0","857514.182152405","0.002114103383805","5.7176348835683","3710.08","","","Transfer",""
"0x682692a80fd23d5368a8a477e94bfb495cd52bae9af62789d88edcece218f1b4","13908474","1640891351","2021-12-30 19:09:11","0xb5d85cbf7cb3ee0d56b3bb207d5fc4b82f43f511","0xc4d5b7c576edfbac20fa081cff79ec745193e207","","317.067051510954066619","0","857514.182152405","0.002114103383805","5.7176348835683","3710.08","","","Transfer",""
"0x648dad922253dbde375f0960796e5c6b9a7eb9525593183bfdbf0f12cf403edc","13908474","1640891351","2021-12-30 19:09:11","0xb5d85cbf7cb3ee0d56b3bb207d5fc4b82f43f511","0xc4d5b7c576edfbac20fa081cff79ec745193e207","","317.067051510954066619","0","857514.182152405","0.002114103383805","5.7176348835683","3710.08","","","Transfer",""
"0x93f2e9f9a8030bac2731be5b14d358d0644804f1a75bc392ede555d8de570295","13908474","1640891351","2021-12-30 19:09:11","0xb5d85cbf7cb3ee0d56b3bb207d5fc4b82f43f511","0xc4d5b7c576edfbac20fa081cff79ec745193e207","","317.067051510954066619","0","857514.182152405","0.002114103383805","5.7176348835683","3710.08","","","Transfer",""
"0xe1dc3108dde5ec4021b7ec4ccbba7f70ef48359ca5c9cb7eeb24fd32a4792ec3","13908474","1640891351","2021-12-30 19:09:11","0xb5d85cbf7cb3ee0d56b3bb207d5fc4b82f43f511","0xc4d5b7c576edfbac20fa081cff79ec745193e207","","317.067051510954066619","0","857514.182152405","0.002114103383805","5.7176348835683","3710.08","","","Transfer",""
"0x572ab1a54295da85a559c2e756b2c7ee87e8430729dae2db295314b8a77742e4","13908474","1640891351","2021-12-30 19:09:11","0xb5d85cbf7cb3ee0d56b3bb207d5fc4b82f43f511","0xc4d5b7c576edfbac20fa081cff79ec745193e207","","317.067051510954066619","0","857514.182152405","0.002114103383805","5.7176348835683","3710.08","","","Transfer",""
"0xbb95718f707a1797034716e8dab11f923f7746d507e090071eeae36a064e046a","13908474","1640891351","2021-12-30 19:09:11","0xb5d85cbf7cb3ee0d56b3bb207d5fc4b82f43f511","0xc4d5b7c576edfbac20fa081cff79ec745193e207","","317.067051510954066619","0","857514.182152405","0.002114103383805","5.7176348835683","3710.08","","","Transfer",""
"0x8afb3f41891c1660e73a48aefe47fa2b551fb84b8f97c106381938a5c6d115af","13908474","1640891351","2021-12-30 19:09:11","0xb5d85cbf7cb3ee0d56b3bb207d5fc4b82f43f511","0xc4d5b7c576edfbac20fa081cff79ec745193e207","","317.067051510954066619","0","857514.182152405","0.002114103383805","5.7176348835683","3710.08","","","Transfer",""
"0xfe3c31e1ac9014ddf281cfbb9cc2908c1f6ad17fcd27f67f2c9bd14b47f084ea","13908474","1640891351","2021-12-30 19:09:11","0xb5d85cbf7cb3ee0d56b3bb207d5fc4b82f43f511","0xc4d5b7c576edfbac20fa081cff79ec745193e207","","317.067051510954066619","0","857514.182152405","0.002114103383805","5.7176348835683","3710.08","","","Transfer",""
"0x84d1ab4425200c1de996373dd303740b35b86f51da0f8cd57a6a37c0637d2757","13908474","1640891351","2021-12-30 19:09:11","0xb5d85cbf7cb3ee0d56b3bb207d5fc4b82f43f511","0xc4d5b7c576edfbac20fa081cff79ec745193e207","","317.067051510954066619","0","857514.182152405","0.002114103383805","5.7176348835683","3710.08","","","Transfer",""
"0x7bdef2953e56faf9ccef731062df1881f753f4f31a0f891e1263c4dc22c7d2b2","13908474","1640891351","2021-12-30 19:09:11","0xb5d85cbf7cb3ee0d56b3bb207d5fc4b82f43f511","0xc4d5b7c576edfbac20fa081cff79ec745193e207","","317.067051510954066619","0","857514.182152405","0.002114103383805","5.7176348835683","3710.08","","","Transfer",""
"0x953af17faec9e26ea71952753634eab877418119967f5b27afb529250ace4af3","13908474","1640891351","2021-12-30 19:09:11","0xb5d85cbf7cb3ee0d56b3bb207d5fc4b82f43f511","0xc4d5b7c576edfbac20fa081cff79ec745193e207","","317.067051510954066619","0","857514.182152405","0.002114103383805","5.7176348835683","3710.08","","","Transfer",""
"0x288642ea2d8fb9b60e0b40273a56ce9c6112ddd206c0e0a988e8ba7a9c498023","13908474","1640891351","2021-12-30 19:09:11","0xb5d85cbf7cb3ee0d56b3bb207d5fc4b82f43f511","0xc4d5b7c576edfbac20fa081cff79ec745193e207","","317.067051510954066619","0","857514.182152405","0.002114103383805","5.7176348835683","3710.08","","","Transfer",""
"0x537f0dd96f789627fd97952f6ffdb8be6851c88a4e9f99f8e553f0d8898e779f","13908474","1640891351","2021-12-30 19:09:11","0xb5d85cbf7cb3ee0d56b3bb207d5fc4b82f43f511","0xc4d5b7c576edfbac20fa081cff79ec745193e207","","317.067051510954066619","0","857514.182152405","0.002114103383805","5.7176348835683","3710.08","","","Transfer",""
"0xc3827a9eba8d6aaf93e9f0c847105d7e21f28862f0d7d8402e5b0faca53846fe","13908474","1640891351","2021-12-30 19:09:11","0xb5d85cbf7cb3ee0d56b3bb207d5fc4b82f43f511","0xc4d5b7c576edfbac20fa081cff79ec745193e207","","317.067051510954066619","0","857514.182152405","0.002114103383805","5.7176348835683","3710.08","","","Transfer",""
"0x597cd95a8275181161da457b58de45dfc96efb7f8bf0006e7d44586e6e5068c3","13908474","1640891351","2021-12-30 19:09:11","0xb5d85cbf7cb3ee0d56b3bb207d5fc4b82f43f511","0xc4d5b7c576edfbac20fa081cff79ec745193e207","","317.067051510954066619","0","857514.182152405","0.002114103383805","5.7176348835683","3710.08","","","Transfer",""
"0x1b7e055250d99cfe83e384220e74ad6ae5466b103057419d0a12220954c95e3f","13908474","1640891351","2021-12-30 19:09:11","0xb5d85cbf7cb3ee0d56b3bb207d5fc4b82f43f511","0xc4d5b7c576edfbac20fa081cff79ec745193e207","","317.067051510954066619","0","857514.182152405","0.002114103383805","5.7176348835683","3710.08","","","Transfer",""
"0xbb24bbcc084fe6eb91936ce47d4dde8f80b2525db4f66b7acf496064fb7a9433","13908474","1640891351","2021-12-30 19:09:11","0xb5d85cbf7cb3ee0d56b3bb207d5fc4b82f43f511","0xc4d5b7c576edfbac20fa081cff79ec745193e207","","317.067051510954066619","0","857514.182152405","0.002114103383805","5.7176348835683","3710.08","","","Transfer",""
"0xc7df025d0e2765c25fa28ce014ac2145bac8dc6903e560cdc07532be0e3345ec","13908474","1640891351","2021-12-30 19:09:11","0xb5d85cbf7cb3ee0d56b3bb207d5fc4b82f43f511","0xc4d5b7c576edfbac20fa081cff79ec745193e207","","317.067051510954066619","0","857514.182152405","0.002114103383805","5.7176348835683","3710.08","","","Transfer",""
"0x729e8c7b428fa6c6ea5c642a7dcd8894715ee4d479fb21edcae06f876d6b870c","13908475","1640891374","2021-12-30 19:09:34","0xb5d85cbf7cb3ee0d56b3bb207d5fc4b82f43f511","0xc4d5b7c576edfbac20fa081cff79ec745193e207","","317.067051510954066619","0","857514.182152405","0.002196057227385","5.93928069260728","3710.08","","","Transfer",""
"0x3e90f7570d197896c8eb6714306b97dd9facfedbf5957c20bbebb7b915d35fdc","13908475","1640891374","2021-12-30 19:09:34","0xb5d85cbf7cb3ee0d56b3bb207d5fc4b82f43f511","0xc4d5b7c576edfbac20fa081cff79ec745193e207","","317.067051510954066619","0","857514.182152405","0.002196057227385","5.93928069260728","3710.08","","","Transfer",""
"0x8dc904512f32400b64fb991b063dff43fe7c58b014a3e1586d5ea326b68d0c6d","13908475","1640891374","2021-12-30 19:09:34","0xb5d85cbf7cb3ee0d56b3bb207d5fc4b82f43f511","0xc4d5b7c576edfbac20fa081cff79ec745193e207","","317.067051510954066619","0","857514.182152405","0.002196057227385","5.93928069260728","3710.08","","","Transfer",""
"0xd98867b50c9736547cf254fdc57a25df1453ec0c987e15262962fc0b33dd8e2f","13908475","1640891374","2021-12-30 19:09:34","0xb5d85cbf7cb3ee0d56b3bb207d5fc4b82f43f511","0xc4d5b7c576edfbac20fa081cff79ec745193e207","","317.067051510954066619","0","857514.182152405","0.002196057227385","5.93928069260728","3710.08","","","Transfer",""
"0x9f2771842e0a31f28d71abde50e656c57610c2b4c7a2161663fb05c88447724a","13908475","1640891374","2021-12-30 19:09:34","0xb5d85cbf7cb3ee0d56b3bb207d5fc4b82f43f511","0xc4d5b7c576edfbac20fa081cff79ec745193e207","","317.067051510954066619","0","857514.182152405","0.002196057227385","5.93928069260728","3710.08","","","Transfer",""
"0xd04b0ed91d36f859e9af61ec0b9a8708ad120865904610f3c1999433e51f86e8","13908475","1640891374","2021-12-30 19:09:34","0xb5d85cbf7cb3ee0d56b3bb207d5fc4b82f43f511","0xc4d5b7c576edfbac20fa081cff79ec745193e207","","317.067051510954066619","0","857514.182152405","0.002196057227385","5.93928069260728","3710.08","","","Transfer",""
"0xadcaebef753d1e1e2a1f74a47149e05ce6d098f4afcb4ccddad4c3f23a899e2c","13908475","1640891374","2021-12-30 19:09:34","0xb5d85cbf7cb3ee0d56b3bb207d5fc4b82f43f511","0xc4d5b7c576edfbac20fa081cff79ec745193e207","","317.067051510954066619","0","857514.182152405","0.002196057227385","5.93928069260728","3710.08","","","Transfer",""
"0x1d053ebdfe650ecb81c518100905482089c800cd932b9d5548671ffaf0063571","13908475","1640891374","2021-12-30 19:09:34","0xb5d85cbf7cb3ee0d56b3bb207d5fc4b82f43f511","0xc4d5b7c576edfbac20fa081cff79ec745193e207","","317.067051510954066619","0","857514.182152405","0.002196057227385","5.93928069260728","3710.08","","","Transfer",""
"0x9cbe710049cfa55f298eae299bfc4d4f45e7fdae27e584ccb511bdb5592b44c5","13908475","1640891374","2021-12-30 19:09:34","0xb5d85cbf7cb3ee0d56b3bb207d5fc4b82f43f511","0xc4d5b7c576edfbac20fa081cff79ec745193e207","","317.067051510954066619","0","857514.182152405","0.002196057227385","5.93928069260728","3710.08","","","Transfer",""
"0xe49d4b5cf67971c958643b94a3d89ac1d4439b0a55fd06c8bfa0e669fdd0ef40","13908475","1640891374","2021-12-30 19:09:34","0xb5d85cbf7cb3ee0d56b3bb207d5fc4b82f43f511","0xc4d5b7c576edfbac20fa081cff79ec745193e207","","292.868551296503498192","0","792068.85435242","0.002196057227385","5.93928069260728","3710.08","","","Transfer",""
"0xd5774cb77778f6c52e41034b46d167763aa80fb3a1143f0eb019c40b011df12a","13908475","1640891374","2021-12-30 19:09:34","0xb5d85cbf7cb3ee0d56b3bb207d5fc4b82f43f511","0xc4d5b7c576edfbac20fa081cff79ec745193e207","","317.067051510954066619","0","857514.182152405","0.002196057227385","5.93928069260728","3710.08","","","Transfer",""
"0x37a24d6156b0f2cae496f926886892bdb6eb750220916707fd2ad6f7709ab0c6","13908475","1640891374","2021-12-30 19:09:34","0xb5d85cbf7cb3ee0d56b3bb207d5fc4b82f43f511","0xc4d5b7c576edfbac20fa081cff79ec745193e207","","317.067051510954066619","0","857514.182152405","0.002196057227385","5.93928069260728","3710.08","","","Transfer",""
"0xdf2304011be2b0153f368ae290d147fc7dbf87d77faf035f40f0d4234cf6df44","13908475","1640891374","2021-12-30 19:09:34","0xb5d85cbf7cb3ee0d56b3bb207d5fc4b82f43f511","0xc4d5b7c576edfbac20fa081cff79ec745193e207","","317.067051510954066619","0","857514.182152405","0.002196057227385","5.93928069260728","3710.08","","","Transfer",""
"0x986a9ab6e5e5044b750b55ca1c3658cb24d552f38a9b113748a4ae5921da04d5","13908547","1640892342","2021-12-30 19:25:42","0xb5d85cbf7cb3ee0d56b3bb207d5fc4b82f43f511","0xc4d5b7c576edfbac20fa081cff79ec745193e207","","316.930627139136002242","0","857145.219710336","0.002496674252772","6.75230545010693","3710.08","","","Transfer",""
"0x965dfb61aa52537f9d61632087f3bbafa8acf495c03f29c5a7ba3ac28da3cd2d","13908547","1640892342","2021-12-30 19:25:42","0xb5d85cbf7cb3ee0d56b3bb207d5fc4b82f43f511","0xc4d5b7c576edfbac20fa081cff79ec745193e207","","316.930627139136002242","0","857145.219710336","0.002496674252772","6.75230545010693","3710.08","","","Transfer",""
"0xce0ee5c2679f1520472f4ba5a42e7f52013a9f278762bf0123bf19f1d235f5cd","13908547","1640892342","2021-12-30 19:25:42","0xb5d85cbf7cb3ee0d56b3bb207d5fc4b82f43f511","0xc4d5b7c576edfbac20fa081cff79ec745193e207","","316.930627139136002242","0","857145.219710336","0.002496674252772","6.75230545010693","3710.08","","","Transfer",""
"0x5b526234c06e7a379125c416a0a3772ccc6f32121284fdfd7c3c111b1018150a","13908547","1640892342","2021-12-30 19:25:42","0xb5d85cbf7cb3ee0d56b3bb207d5fc4b82f43f511","0xc4d5b7c576edfbac20fa081cff79ec745193e207","","316.930627139136002242","0","857145.219710336","0.002496674252772","6.75230545010693","3710.08","","","Transfer",""
"0xb8d9f2cb626df0c04033154f2b882e9a649fe04d4fb00fbc17a02ee2ef216977","13908547","1640892342","2021-12-30 19:25:42","0xb5d85cbf7cb3ee0d56b3bb207d5fc4b82f43f511","0xc4d5b7c576edfbac20fa081cff79ec745193e207","","316.930627139136002242","0","857145.219710336","0.002496674252772","6.75230545010693","3710.08","","","Transfer",""
"0x1a193e9c4f19ca7e97bacb01a4b3c614c3fb6bc3a4423f56ae3f14fae2bc27aa","13908547","1640892342","2021-12-30 19:25:42","0xb5d85cbf7cb3ee0d56b3bb207d5fc4b82f43f511","0xc4d5b7c576edfbac20fa081cff79ec745193e207","","316.930627139136002242","0","857145.219710336","0.002496674252772","6.75230545010693","3710.08","","","Transfer",""
"0x78aeb97208e7abec54893939f182403911c3dfc89a0ddef47f44b3bdb72e5cab","13908547","1640892342","2021-12-30 19:25:42","0xb5d85cbf7cb3ee0d56b3bb207d5fc4b82f43f511","0xc4d5b7c576edfbac20fa081cff79ec745193e207","","316.930627139136002242","0","857145.219710336","0.002496674252772","6.75230545010693","3710.08","","","Transfer",""
"0x3ff995ed2043e7b0c9dc96c35b1a67cd182a2ff7d0abc0b24d2aefd6755693f2","13908547","1640892342","2021-12-30 19:25:42","0xb5d85cbf7cb3ee0d56b3bb207d5fc4b82f43f511","0xc4d5b7c576edfbac20fa081cff79ec745193e207","","316.930627139136002242","0","857145.219710336","0.002496674252772","6.75230545010693","3710.08","","","Transfer",""
"0xcecce22545b665a25ac67b2dcf9c227c8f501c91105f06c03bc5514521ebcae1","13908547","1640892342","2021-12-30 19:25:42","0xb5d85cbf7cb3ee0d56b3bb207d5fc4b82f43f511","0xc4d5b7c576edfbac20fa081cff79ec745193e207","","316.930627139136002242","0","857145.219710336","0.002496674252772","6.75230545010693","3710.08","","","Transfer",""
"0xe66981969e5f115d66e43759745e451dbfc012b8df2e047ca59d5ce6def3d261","13908547","1640892342","2021-12-30 19:25:42","0xb5d85cbf7cb3ee0d56b3bb207d5fc4b82f43f511","0xc4d5b7c576edfbac20fa081cff79ec745193e207","","316.930627139136002242","0","857145.219710336","0.002496674252772","6.75230545010693","3710.08","","","Transfer",""
"0x2bf9b4bf9b0456f6b2b8d2ad8e57c5f769236a75fd4c5f615334299d62afef5d","13908547","1640892342","2021-12-30 19:25:42","0xb5d85cbf7cb3ee0d56b3bb207d5fc4b82f43f511","0xc4d5b7c576edfbac20fa081cff79ec745193e207","","316.930627139136002242","0","857145.219710336","0.002496674252772","6.75230545010693","3710.08","","","Transfer",""
"0xe10f9b6c28b8ddb3429385377af3bd4ee2c5ca38cf70f8fe97a306bdf1e3fabe","13908547","1640892342","2021-12-30 19:25:42","0xb5d85cbf7cb3ee0d56b3bb207d5fc4b82f43f511","0xc4d5b7c576edfbac20fa081cff79ec745193e207","","316.930627139136002242","0","857145.219710336","0.002496674252772","6.75230545010693","3710.08","","","Transfer",""
"0xccb574438105bb65951ed9aa25c9d4f81ba865d6e7d72c93cb1ad31bc8ac3db1","13908547","1640892342","2021-12-30 19:25:42","0xb5d85cbf7cb3ee0d56b3bb207d5fc4b82f43f511","0xc4d5b7c576edfbac20fa081cff79ec745193e207","","316.930627139136002242","0","857145.219710336","0.002496674252772","6.75230545010693","3710.08","","","Transfer",""
"0x8d53b5f83930655a9f85e4eab284ec6db1ac2aefd90667a2b48eb5c8fc13f18b","13908547","1640892342","2021-12-30 19:25:42","0xb5d85cbf7cb3ee0d56b3bb207d5fc4b82f43f511","0xc4d5b7c576edfbac20fa081cff79ec745193e207","","316.930627139136002242","0","857145.219710336","0.002496674252772","6.75230545010693","3710.08","","","Transfer",""
"0x56a097eb1638105cae9d9d4c6ed7534fcbf46c2bf168f4b333e325b963e8a0d7","13908547","1640892342","2021-12-30 19:25:42","0xb5d85cbf7cb3ee0d56b3bb207d5fc4b82f43f511","0xc4d5b7c576edfbac20fa081cff79ec745193e207","","316.930627139136002242","0","857145.219710336","0.002496674252772","6.75230545010693","3710.08","","","Transfer",""
"0x3f8f93f75d391de9137c893c02c9fd66232e51956a94f29b077a93a7f2c907f8","13908547","1640892342","2021-12-30 19:25:42","0xb5d85cbf7cb3ee0d56b3bb207d5fc4b82f43f511","0xc4d5b7c576edfbac20fa081cff79ec745193e207","","316.930627139136002242","0","857145.219710336","0.002496674252772","6.75230545010693","3710.08","","","Transfer",""
"0x898edb506d10e67604f2607e9ec26b8a36c715e4b23dba6793060774cdff91b9","13908547","1640892342","2021-12-30 19:25:42","0xb5d85cbf7cb3ee0d56b3bb207d5fc4b82f43f511","0xc4d5b7c576edfbac20fa081cff79ec745193e207","","316.930627139136002242","0","857145.219710336","0.002496674252772","6.75230545010693","3710.08","","","Transfer",""
"0xfc7490617aa78f2a45568fc4c61ebf707d2b45ea8927567d9d3dd24568c15487","13908547","1640892342","2021-12-30 19:25:42","0xb5d85cbf7cb3ee0d56b3bb207d5fc4b82f43f511","0xc4d5b7c576edfbac20fa081cff79ec745193e207","","316.930627139136002242","0","857145.219710336","0.002496674252772","6.75230545010693","3710.08","","","Transfer",""
"0x63fc96a11406bcf2b8afdd00f4696f9dbe20112c0af5f175e728608ab3700b42","13908547","1640892342","2021-12-30 19:25:42","0xb5d85cbf7cb3ee0d56b3bb207d5fc4b82f43f511","0xc4d5b7c576edfbac20fa081cff79ec745193e207","","316.930627139136002242","0","857145.219710336","0.002496674252772","6.75230545010693","3710.08","","","Transfer",""
"0xcfb081307f5c33d1b502ae398911cf3bf7d97fb0e4a79d32a843bb012d400e00","13908547","1640892342","2021-12-30 19:25:42","0xb5d85cbf7cb3ee0d56b3bb207d5fc4b82f43f511","0xc4d5b7c576edfbac20fa081cff79ec745193e207","","316.930627139136002242","0","857145.219710336","0.002496674252772","6.75230545010693","3710.08","","","Transfer",""
"0x18677d3b62df377f4cb1eee1ff85f3f0d8e418045d4b72ea80ccf96f4bcec626","13908547","1640892342","2021-12-30 19:25:42","0xb5d85cbf7cb3ee0d56b3bb207d5fc4b82f43f511","0xc4d5b7c576edfbac20fa081cff79ec745193e207","","316.930627139136002242","0","857145.219710336","0.002496674252772","6.75230545010693","3710.08","","","Transfer",""
"0x12b23a4ddb3b953005d787940a7742b509d94768b780840936ab3e1764559d07","13908547","1640892342","2021-12-30 19:25:42","0xb5d85cbf7cb3ee0d56b3bb207d5fc4b82f43f511","0xc4d5b7c576edfbac20fa081cff79ec745193e207","","316.930627139136002242","0","857145.219710336","0.002496674252772","6.75230545010693","3710.08","","","Transfer",""
"0x6875f215b711486993c946d2485ccf25aa0dda96c5da9871e5d459560b7736ee","13908547","1640892342","2021-12-30 19:25:42","0xb5d85cbf7cb3ee0d56b3bb207d5fc4b82f43f511","0xc4d5b7c576edfbac20fa081cff79ec745193e207","","316.930627139136002242","0","857145.219710336","0.002496674252772","6.75230545010693","3710.08","","","Transfer",""
"0x1a520327bc8e5f6dffcf6b44b41c6699ca62414634d0cd6313406738640c104f","13908547","1640892342","2021-12-30 19:25:42","0xb5d85cbf7cb3ee0d56b3bb207d5fc4b82f43f511","0xc4d5b7c576edfbac20fa081cff79ec745193e207","","316.930627139136002242","0","857145.219710336","0.002496674252772","6.75230545010693","3710.08","","","Transfer",""
"0x7bf0574d45fa8b50fdcf89cbf2da4f41c1d51c482829dc9a2977b758cdd56478","13908547","1640892342","2021-12-30 19:25:42","0xb5d85cbf7cb3ee0d56b3bb207d5fc4b82f43f511","0xc4d5b7c576edfbac20fa081cff79ec745193e207","","316.930627139136002242","0","857145.219710336","0.002496674252772","6.75230545010693","3710.08","","","Transfer",""
"0x44674e81563fd1181bb7f02020abe2fe5ad04457d0b71539e14609b97c720132","13908547","1640892342","2021-12-30 19:25:42","0xb5d85cbf7cb3ee0d56b3bb207d5fc4b82f43f511","0xc4d5b7c576edfbac20fa081cff79ec745193e207","","316.930627139136002242","0","857145.219710336","0.002496674252772","6.75230545010693","3710.08","","","Transfer",""
"0xa3109a4a161f9d5649da6c5137e65d1ebd254f52a380adbe881b90ede5e21b6b","13908547","1640892342","2021-12-30 19:25:42","0xb5d85cbf7cb3ee0d56b3bb207d5fc4b82f43f511","0xc4d5b7c576edfbac20fa081cff79ec745193e207","","316.930627139136002242","0","857145.219710336","0.002496674252772","6.75230545010693","3710.08","","","Transfer",""
"0x9aa40cd6583ea538130037be0be21c3c67217bc354f160fd4c9f7c1c5a32b4d5","13908547","1640892342","2021-12-30 19:25:42","0xb5d85cbf7cb3ee0d56b3bb207d5fc4b82f43f511","0xc4d5b7c576edfbac20fa081cff79ec745193e207","","316.930627139136002242","0","857145.219710336","0.002496674252772","6.75230545010693","3710.08","","","Transfer",""
"0xfe6bba4efd9d40a6d1884b774db7a53bd84aaedd2c30cb2e0322c3cfc72f0599","13908547","1640892342","2021-12-30 19:25:42","0xb5d85cbf7cb3ee0d56b3bb207d5fc4b82f43f511","0xc4d5b7c576edfbac20fa081cff79ec745193e207","","316.930627139136002242","0","857145.219710336","0.002496674252772","6.75230545010693","3710.08","","","Transfer",""
"0xfe2f245283a8c7410b09263b50b9aa047abdfc4bf6a9d410a59bceeac8082ab6","13908547","1640892342","2021-12-30 19:25:42","0xb5d85cbf7cb3ee0d56b3bb207d5fc4b82f43f511","0xc4d5b7c576edfbac20fa081cff79ec745193e207","","281.395601971276245488","0","761040.033443356","0.002496674252772","6.75230545010693","3710.08","","","Transfer",""
"0x95f4e54d25c504a456339e06f25d2fe7c6edf9d8e8ee6eb108945c43b59689db","13908547","1640892342","2021-12-30 19:25:42","0xb5d85cbf7cb3ee0d56b3bb207d5fc4b82f43f511","0xc4d5b7c576edfbac20fa081cff79ec745193e207","","316.930627139136002242","0","857145.219710336","0.002496674252772","6.75230545010693","3710.08","","","Transfer",""
"0x9fa4dba893c47d56b3747289e5d720bff00e6a00baaf3246ee1880dfe3f4b866","13908547","1640892342","2021-12-30 19:25:42","0xb5d85cbf7cb3ee0d56b3bb207d5fc4b82f43f511","0xc4d5b7c576edfbac20fa081cff79ec745193e207","","316.930627139136002242","0","857145.219710336","0.002496674252772","6.75230545010693","3710.08","","","Transfer",""
"0xd65ccfd72180c29bf4e1962be651e3832d9afc12f890bd1d47c6e1c939325ce3","13908547","1640892342","2021-12-30 19:25:42","0xb5d85cbf7cb3ee0d56b3bb207d5fc4b82f43f511","0xc4d5b7c576edfbac20fa081cff79ec745193e207","","316.930627139136002242","0","857145.219710336","0.002496674252772","6.75230545010693","3710.08","","","Transfer",""
