"Txhash","Blockno","UnixTimestamp","DateTime","From","To","ContractAddress","Value_IN(ETH)","Value_OUT(ETH)","CurrentValue @ $2681.98/Eth","TxnFee(ETH)","TxnFee(USD)","Historical $Price/Eth","Status","ErrCode","Method"
"0xaa33f1fd057250ea47ce0a4a7237cdb62847cd22823a9ad5844de07e173b64b5","11326786","1606297173","2020-11-25 09:39:33","0x7a3cdc2e82c354e1a3bc51626726f20de661620b","","0x94fa70d079d76279e1815ce403e9b985bccc82ac","0","0","0","0.065400192","175.40200694016","569.40","","","0x60606040",""
"0xa0040a2be74a403804f101779dd3f48de4fde3ce388ac07b2e6cdff7d6feb128","11951571","1614591705","2021-03-01 09:41:45","0x7a3cdc2e82c354e1a3bc51626726f20de661620b","0x94fa70d079d76279e1815ce403e9b985bccc82ac","","0","0","0","0.017275706877","46.3331003299765","1571.49","","","Send Multi Sig Token",""
"0x16e73b5666f23a42c8257ca08f230ab216a102d3e7fc7b58809b02a9d308e6da","12365053","1620095148","2021-05-04 02:25:48","0x7a3cdc2e82c354e1a3bc51626726f20de661620b","0x94fa70d079d76279e1815ce403e9b985bccc82ac","","0","0","0","0.00652758975","17.506865157705","3241.09","","","Send Multi Sig",""
"0x2bc155cf6c67d7e16f3de0847f2341a4cad0706847efe8af3e57b2c1f476f169","12468036","1621470689","2021-05-20 00:31:29","0x7a3cdc2e82c354e1a3bc51626726f20de661620b","0x94fa70d079d76279e1815ce403e9b985bccc82ac","","0","0","0","0.0215945919","57.916263583962","2772.84","","","Send Multi Sig Token",""
"0x0d94e620c95efa2b5b18ae254199c9700060a02d9f097f65c50d5678221b81e7","12468352","1621475170","2021-05-20 01:46:10","0x7a3cdc2e82c354e1a3bc51626726f20de661620b","0x94fa70d079d76279e1815ce403e9b985bccc82ac","","0","0","0","0.0206509203","55.385355226194","2772.84","","","Send Multi Sig",""
"0x1213ec9762c0cff9d59bdebd8e6b140902300fe724d71b4d21c5b1dcdd680991","12468352","1621475170","2021-05-20 01:46:10","0x7a3cdc2e82c354e1a3bc51626726f20de661620b","0x94fa70d079d76279e1815ce403e9b985bccc82ac","","0","0","0","0.021063862875","56.4928589534925","2772.84","","","Send Multi Sig",""
"0xeda42a1c2f08ced4afed621f9d67edfd5b34137f03cac9e8480021e44d7f014c","12480422","1621636441","2021-05-21 22:34:01","0x7a3cdc2e82c354e1a3bc51626726f20de661620b","0x94fa70d079d76279e1815ce403e9b985bccc82ac","","0","0","0","0.01932849275","51.838630985645","2435.86","","","Send Multi Sig Token",""
"0x2cac27e90d4231a1e7033caf69b8176ef5425ded8cf630c99c2e623f6279a530","12482233","1621661102","2021-05-22 05:25:02","0x7a3cdc2e82c354e1a3bc51626726f20de661620b","0x94fa70d079d76279e1815ce403e9b985bccc82ac","","0","0","0","0.008931096650115913","23.9530225936779","2297.03","","","Send Multi Sig Token",""
"0x6f9360ff1b5a6d7a18bbc3f94d6dc04a98f088ea1dc0db8ac5739b2bcde4112d","12506206","1621982302","2021-05-25 22:38:22","0x7a3cdc2e82c354e1a3bc51626726f20de661620b","0x94fa70d079d76279e1815ce403e9b985bccc82ac","","0","0","0","0.00706489735","18.947913394753","2707.49","","","Send Multi Sig Token",""
"0xd92e3cd0379d4cb265d55430c15b8e63d5be746919a54d46fe67024cd56eeef0","12506215","1621982428","2021-05-25 22:40:28","0x7a3cdc2e82c354e1a3bc51626726f20de661620b","0x94fa70d079d76279e1815ce403e9b985bccc82ac","","0","0","0","0.00706489735","18.947913394753","2707.49","","","Send Multi Sig Token",""
"0x6f42580786c052b94207e54ff48e357d6266057d035f8bad2b89854823acbc25","12506471","1621985705","2021-05-25 23:35:05","0x7a3cdc2e82c354e1a3bc51626726f20de661620b","0x94fa70d079d76279e1815ce403e9b985bccc82ac","","0","0","0","0.0042726042","11.459039012316","2707.49","","","Send Multi Sig",""
"0x4a2cfe155b08713a50280cbc54d85e9c12d30884543792dd964c985447bfc815","12739234","1625107689","2021-07-01 02:48:09","0x7a3cdc2e82c354e1a3bc51626726f20de661620b","0x94fa70d079d76279e1815ce403e9b985bccc82ac","","0","0","0","0.00276411233052045","7.41329398820924","2109.29","","","Send Multi Sig Token",""
"0xe93f0ea71e7ae5e982f67233908fabb6559c1e483c79ba183df8590473de363e","12740041","1625119127","2021-07-01 05:58:47","0x7a3cdc2e82c354e1a3bc51626726f20de661620b","0x94fa70d079d76279e1815ce403e9b985bccc82ac","","0","0","0","0.001287239994480834","3.45235192039771","2109.29","","","Send Multi Sig",""
"0x46ffc40e34003980800cec47a9cee2ae5d6945e5b7a21e47c536ccf838e3b966","12740324","1625123095","2021-07-01 07:04:55","0x7a3cdc2e82c354e1a3bc51626726f20de661620b","0x94fa70d079d76279e1815ce403e9b985bccc82ac","","0","0","0","0.002346322","6.29278867756","2109.29","","","Send Multi Sig Token",""
"0x5d43b57b0ae5fb934cd732e321acbfd4cce7c0e249c32c94dd59912b538b2160","13036500","1629119901","2021-08-16 13:18:21","0x7a3cdc2e82c354e1a3bc51626726f20de661620b","0x94fa70d079d76279e1815ce403e9b985bccc82ac","","0","0","0","0.010161875238864036","27.2539461531286","3147.63","","","Send Multi Sig Token",""
"0x9c0afca5e8ce94eae4c1dfdeb1e703759a78bdc5dc5f8bf8b8a57c2a4b428144","13137456","1630468074","2021-09-01 03:47:54","0x7a3cdc2e82c354e1a3bc51626726f20de661620b","0x94fa70d079d76279e1815ce403e9b985bccc82ac","","0","0","0","0.0122725746","32.914799625708","3829.18","","","Send Multi Sig Token",""
"0x479b4fb0de0db2d3ea90f550d271d9229fbbb24d4e5ee8add35981afe50ae180","13236999","1631798479","2021-09-16 13:21:19","0x7a3cdc2e82c354e1a3bc51626726f20de661620b","0x94fa70d079d76279e1815ce403e9b985bccc82ac","","0","0","0","0.0077271766","20.724133097668","3569.26","","","Send Multi Sig Token",""
"0xf0dbcdd42107f6e6d8131207d17dcd018558ff4e3b2dc3af40489916fd9a71d2","13237010","1631798625","2021-09-16 13:23:45","0x7a3cdc2e82c354e1a3bc51626726f20de661620b","0x94fa70d079d76279e1815ce403e9b985bccc82ac","","0","0","0","0.006535217844480834","17.5273235545407","3569.26","","","Send Multi Sig",""
"0xf70e4c8a60f862b00c44fc994708f292f5f78f79c3eb2e997230bb3e5b6971e8","13801734","1639463908","2021-12-14 06:38:28","0x7a3cdc2e82c354e1a3bc51626726f20de661620b","0x94fa70d079d76279e1815ce403e9b985bccc82ac","","0","0","0","0.008638368183045297","23.1679306995638","3862.18","","","Send Multi Sig",""
"0x951062fe00de3e057a8fafeda4c5d5fd32bd5a888de4b79330633e7086cca4b8","13867962","1640350033","2021-12-24 12:47:13","0x7a3cdc2e82c354e1a3bc51626726f20de661620b","0x94fa70d079d76279e1815ce403e9b985bccc82ac","","0","0","0","0.004301447009350131","11.5363948501369","4047.87","","","Send Multi Sig",""
"0xeb9fe3b36360da3973c91f116ffa70893abe98cfebf006a449b70188eea759aa","14163821","1644301726","2022-02-08 06:28:46","0x7a3cdc2e82c354e1a3bc51626726f20de661620b","0x94fa70d079d76279e1815ce403e9b985bccc82ac","","0","0","0","0.006542583089030375","17.5470769931177","3118.76","","","Send Multi Sig Token",""
"0xce48059686f721119d062360cbdd8cb6b19b68238f0bf1329799ddf6c4d0a4b6","14169999","1644384643","2022-02-09 05:30:43","0x7a3cdc2e82c354e1a3bc51626726f20de661620b","0x94fa70d079d76279e1815ce403e9b985bccc82ac","","0","0","0","0.004927027006783245","13.2141878916525","3246.72","","","Send Multi Sig Token",""
"0xb6af9368b72af791eb958883a0376c8659e7a0fdb679e212bd38b795883014eb","14170008","1644384721","2022-02-09 05:32:01","0x7a3cdc2e82c354e1a3bc51626726f20de661620b","0x94fa70d079d76279e1815ce403e9b985bccc82ac","","0","0","0","0.004991903222872371","13.3881846056792","3246.72","","","Send Multi Sig Token",""
"0xba2d90d0b6b052d38d357f332034394b5900c06c14872369174bfd4baf38368e","14171623","1644405780","2022-02-09 11:23:00","0x7a3cdc2e82c354e1a3bc51626726f20de661620b","0x94fa70d079d76279e1815ce403e9b985bccc82ac","","0","0","0","0.006853247276254155","18.3802721299681","3246.72","","","Send Multi Sig Token",""
"0x4edd672bd9f8cf518710924fd772a67e3e6ed0b31092ae190c83c30310f4a0bb","14171628","1644405858","2022-02-09 11:24:18","0x7a3cdc2e82c354e1a3bc51626726f20de661620b","0x94fa70d079d76279e1815ce403e9b985bccc82ac","","0","0","0","0.00580431315750475","15.5670518021646","3246.72","","","Send Multi Sig Token",""
"0x8459920bbdc7467bb9d7cdc5bbd0152c943996de3d70f7f2d21f89fe110ea556","14176994","1644478092","2022-02-10 07:28:12","0x7a3cdc2e82c354e1a3bc51626726f20de661620b","0x94fa70d079d76279e1815ce403e9b985bccc82ac","","0","0","0","0.005062492771411218","13.5775043630695","3074.84","","","Send Multi Sig Token",""
"0xc96f4387026fa2f3e4985006ebf105d4ac85925f98168d6c549e3620ed3023af","14183920","1644571685","2022-02-11 09:28:05","0x7a3cdc2e82c354e1a3bc51626726f20de661620b","0x94fa70d079d76279e1815ce403e9b985bccc82ac","","0","0","0","0.005358731689773875","14.3720112173397","2928.93","","","Send Multi Sig Token",""
"0xfa7efcf996c10fb700bdb860e01f9c10517a0ace02985c454219fad30c84a83d","14190246","1644655776","2022-02-12 08:49:36","0x7a3cdc2e82c354e1a3bc51626726f20de661620b","0x94fa70d079d76279e1815ce403e9b985bccc82ac","","0","0","0","0.00435732430603092","11.6862566422888","2918.34","","","Send Multi Sig Token",""
"0x4bdaf810bde76c8d32c8c595b198cefe5566293c3a298cee06553aae043ae93e","14203475","1644830784","2022-02-14 09:26:24","0x7a3cdc2e82c354e1a3bc51626726f20de661620b","0x94fa70d079d76279e1815ce403e9b985bccc82ac","","0","0","0","0.003537138041032453","9.48653348328822","2931.12","","","Send Multi Sig Token",""
"0x40e14a2884ca4c42becbf0ba7b1a736c37162415c38946bb0512ab40ebcaaa39","14207906","1644891001","2022-02-15 02:10:01","0x7a3cdc2e82c354e1a3bc51626726f20de661620b","0x94fa70d079d76279e1815ce403e9b985bccc82ac","","0","0","0","0.006919257656960792","18.5573106508157","3185.81","","","Send Multi Sig Token",""
"0x01234b34c3603cc444eec67183a8ce20899a353113fc04d161dc68ab3684cafc","14223508","1645099050","2022-02-17 11:57:30","0x7a3cdc2e82c354e1a3bc51626726f20de661620b","0x94fa70d079d76279e1815ce403e9b985bccc82ac","","0","0","0","0.00414993408051105","11.130040205249","2894.42","","","Send Multi Sig Token",""
"0x083cc3ec7fab3c4a811aa98030bd92a08d1ea1ad014dba0501f6f3623e1505e7","14223511","1645099077","2022-02-17 11:57:57","0x7a3cdc2e82c354e1a3bc51626726f20de661620b","0x94fa70d079d76279e1815ce403e9b985bccc82ac","","0","0","0","0.003843887580588474","10.3092296133867","2894.42","","","Send Multi Sig Token",""
"0xeed5b590e15efeca22fc3552e3a2795a9d0aebcc0da6174a626531c02df3b1e1","14229508","1645179758","2022-02-18 10:22:38","0x7a3cdc2e82c354e1a3bc51626726f20de661620b","0x94fa70d079d76279e1815ce403e9b985bccc82ac","","0","0","0","0.007334639356614783","19.6713560616537","2780.72","","","Send Multi Sig Token",""
"0x66038b54a431a253673235c1cadfe0b07f3a616debfe585fd62e7cf4fda2ea3d","14230382","1645190914","2022-02-18 13:28:34","0x7a3cdc2e82c354e1a3bc51626726f20de661620b","0x94fa70d079d76279e1815ce403e9b985bccc82ac","","0","0","0","0.007335409333149639","19.6734211233207","2780.72","","","Send Multi Sig Token",""
"0x4be78ec95c52e10e714763c1a3a571c71cc7b7ba65e3952c2517c42ca9f70b39","14230390","1645190982","2022-02-18 13:29:42","0x7a3cdc2e82c354e1a3bc51626726f20de661620b","0x94fa70d079d76279e1815ce403e9b985bccc82ac","","0","0","0","0.00643774780186585","17.2659108496482","2780.72","","","Send Multi Sig Token",""
"0xb51cea637bc53e4ebc6f600f4ba916787338822c10560efb064e2397e8efd48d","14261104","1645602517","2022-02-23 07:48:37","0x7a3cdc2e82c354e1a3bc51626726f20de661620b","0x94fa70d079d76279e1815ce403e9b985bccc82ac","","0","0","0","0.004542488897191092","12.1828643724886","2580.97","","","Send Multi Sig Token",""
"0x12aa225b00ca6cccd1b04e637f3d5693aa05495d3fec10a3847b0c5f9240e65f","14266497","1645675179","2022-02-24 03:59:39","0x7a3cdc2e82c354e1a3bc51626726f20de661620b","0x94fa70d079d76279e1815ce403e9b985bccc82ac","","0","0","0","0.015782453238350825","42.3282239361921","2597.94","","","Send Multi Sig Token",""
"0xb126c3790902019b88a4252f42e92d88be1c4d8c6d6841344f55a455a93ce849","14266498","1645675216","2022-02-24 04:00:16","0x7a3cdc2e82c354e1a3bc51626726f20de661620b","0x94fa70d079d76279e1815ce403e9b985bccc82ac","","0","0","0","0.018593549849083356","49.8675288242446","2597.94","","","Send Multi Sig Token",""
"0xbf5fda192b5f05481b683cb2dece0cfcfb62141e6c8ef39eeb1c10bf8b324472","14359074","1646915340","2022-03-10 12:29:00","0x7a3cdc2e82c354e1a3bc51626726f20de661620b","0x94fa70d079d76279e1815ce403e9b985bccc82ac","","0","0","0","0.004819023722245323","12.9245252425875","2608.64","","","Send Multi Sig Token",""
"0x71cd989c593d9d9eba3e544139e8860fe32bcb8fe4bee8efed397fa31698fe34","14383410","1647243314","2022-03-14 07:35:14","0x7a3cdc2e82c354e1a3bc51626726f20de661620b","0x94fa70d079d76279e1815ce403e9b985bccc82ac","","0","0","0","0.001886065213230063","5.05838918057876","2591.45","","","Send Multi Sig Token",""
"0x9d8a6ab68629de7a716f38b2e9106cd744ed55c7cbd49f6d1fbcc881cec65646","14448340","1648116640","2022-03-24 10:10:40","0x7a3cdc2e82c354e1a3bc51626726f20de661620b","0x94fa70d079d76279e1815ce403e9b985bccc82ac","","0","0","0","0.003763421657976392","10.0934216182595","3112.85","","","Send Multi Sig Token",""
"0xa6d47aca4499dae5ea0879c4f1a18bd6f6e924000d6c1914667267042509d23e","14453738","1648188766","2022-03-25 06:12:46","0x7a3cdc2e82c354e1a3bc51626726f20de661620b","0x94fa70d079d76279e1815ce403e9b985bccc82ac","","0","0","0","0.003430605909086895","9.20081643605287","3104.04","","","Send Multi Sig Token",""
"0x698720cbeda10b98b403e4092fe9b7603491a27469fa224759b7f99bce69c23f","14454872","1648203787","2022-03-25 10:23:07","0x7a3cdc2e82c354e1a3bc51626726f20de661620b","0x94fa70d079d76279e1815ce403e9b985bccc82ac","","0","0","0","0.00223774507332549","6.0015875317575","3104.04","","","Send Multi Sig Token",""
"0xcf24c66af5feea261a29e96a41cc4d86262a94c163adc5e9799d86da85e9ef64","14454873","1648203818","2022-03-25 10:23:38","0x7a3cdc2e82c354e1a3bc51626726f20de661620b","0x94fa70d079d76279e1815ce403e9b985bccc82ac","","0","0","0","0.002487606297369765","6.67171033741976","3104.04","","","Send Multi Sig Token",""
"0xd4a7ab024f1f118d853deee9f61d9d426b0bab3daefa968dc91b874fcf10342f","14472570","1648441845","2022-03-28 04:30:45","0x7a3cdc2e82c354e1a3bc51626726f20de661620b","0x94fa70d079d76279e1815ce403e9b985bccc82ac","","0","0","0","0.002431782448093755","6.52199189013849","3334.29","","","Send Multi Sig Token",""
"0x8137b974e716267f0c0e40ddcf11fbaebabd4bfff769cf6ac028712f00364550","14473706","1648457164","2022-03-28 08:46:04","0x7a3cdc2e82c354e1a3bc51626726f20de661620b","0x94fa70d079d76279e1815ce403e9b985bccc82ac","","0","0","0","0.002518781287802031","6.75532103825929","3334.29","","","Send Multi Sig Token",""
"0xf20513187e3181d8378c08e5f4f020ba8a78b98c01d05e68228345476845d3b7","14480432","1648547722","2022-03-29 09:55:22","0x7a3cdc2e82c354e1a3bc51626726f20de661620b","0x94fa70d079d76279e1815ce403e9b985bccc82ac","","0","0","0","0.002987417242066104","8.01219329487645","3402.62","","","Send Multi Sig Token",""
"0x4e2a388944434d6efb964dde25bfb4c2923fd7e126210ec375c7a4e33064205b","14480436","1648547749","2022-03-29 09:55:49","0x7a3cdc2e82c354e1a3bc51626726f20de661620b","0x94fa70d079d76279e1815ce403e9b985bccc82ac","","0","0","0","0.002656189874175838","7.12384811874211","3402.62","","","Send Multi Sig Token",""
"0xe4271e0b03fef7ea538e1e485b8ed1c132fc26313684a17683c00acbee007f53","14518022","1649055365","2022-04-04 06:56:05","0x7a3cdc2e82c354e1a3bc51626726f20de661620b","0x94fa70d079d76279e1815ce403e9b985bccc82ac","","0","0","0","0.005884237240449744","15.7814065941414","3520.15","","","Send Multi Sig Token",""
"0x3bd75a09699a603b7d7d1666d5e3f8307ce8b157caaff7aaccf4b5f5558d65ac","14535923","1649296302","2022-04-07 01:51:42","0x7a3cdc2e82c354e1a3bc51626726f20de661620b","0x94fa70d079d76279e1815ce403e9b985bccc82ac","","0","0","0","0.006724756005939257","18.035661112809","3229.28","","","Send Multi Sig Token",""
"0xeaba428ebaf024aac4e7404d20c25a092393ec17c81f1fc491ed126825728866","14535923","1649296302","2022-04-07 01:51:42","0x7a3cdc2e82c354e1a3bc51626726f20de661620b","0x94fa70d079d76279e1815ce403e9b985bccc82ac","","0","0","0","0.006939792297711081","18.6123841466152","3229.28","","","Send Multi Sig Token",""
