"Txhash","Blockno","UnixTimestamp","DateTime","From","To","ContractAddress","Value_IN(ETH)","Value_OUT(ETH)","CurrentValue @ $2511.39/Eth","TxnFee(ETH)","TxnFee(USD)","Historical $Price/Eth","Status","ErrCode","Method"
"0x95acb98fc543ba6f05c2e4cd6daff21fe78c029e58210a4a1bed484461ddb736","10542396","1595864249","2020-07-27 15:37:29","0xbce6d09b800d0bc03f34ef93ed356519faec64d0","","0xe4ffd96b5e6d2b6cdb91030c48cc932756c951b5","0","0","0","0.2719267982352","682.914241819899","322.39","","","0x60806040",""
"0xf8bee2e379368ab17cc399edb1b413a18f71b8b1c2e6d7f319ae151736ad5c59","10542425","1595864648","2020-07-27 15:44:08","0xbce6d09b800d0bc03f34ef93ed356519faec64d0","0xe4ffd96b5e6d2b6cdb91030c48cc932756c951b5","","0","0","0","0.0083872552032","21.0636688447644","322.39","","","Set Reward Distribution",""
"0xd46dd86c472ea8fda304eed6fa538c11bdc759408266ddfb7f697f0da005a62c","10542470","1595865169","2020-07-27 15:52:49","0xbce6d09b800d0bc03f34ef93ed356519faec64d0","0xe4ffd96b5e6d2b6cdb91030c48cc932756c951b5","","0","0","0","0.0115457310144","28.995833412254","322.39","Error(0)","Out of gas","Notify Reward Amount",""
"0xd586c734057e1bb2af896e9975bd760ba397826c7071971d0f0d20901df08e2a","10542476","1595865205","2020-07-27 15:53:25","0xbce6d09b800d0bc03f34ef93ed356519faec64d0","0xe4ffd96b5e6d2b6cdb91030c48cc932756c951b5","","0","0","0","0.025064208","62.94600132912","322.39","Error(0)","Out of gas","Notify Reward Amount",""
"0x8ba4e856e6051cc966abfa55fbb27ed74d7115711ceb38b2978d72d7199b4c90","10542482","1595865335","2020-07-27 15:55:35","0xbce6d09b800d0bc03f34ef93ed356519faec64d0","0xe4ffd96b5e6d2b6cdb91030c48cc932756c951b5","","0","0","0","0.0263012230656","66.0526285947172","322.39","","","Notify Reward Amount",""
"0x63e58e63a9aebae48eca069773c681854259c4206a5d93c02a5ddd0e570d855f","10558707","1596081307","2020-07-30 03:55:07","0xe857656b7804ecc0d0d0fd643c6cfb69063a7d1a","0xe4ffd96b5e6d2b6cdb91030c48cc932756c951b5","","0","0","0","0.006583086","16.53269634954","335.25","","","Stake",""
"0x107ed1288aff3594f8d575ab48bbe3fe07cd66d428958706bb439f5379d0dc39","10558722","1596081520","2020-07-30 03:58:40","0xe857656b7804ecc0d0d0fd643c6cfb69063a7d1a","0xe4ffd96b5e6d2b6cdb91030c48cc932756c951b5","","0","0","0","0.007000344","17.58059391816","335.25","","","Get Reward",""
"0x81f965552058da8f550d7db0ff46ed46010f7bca2323c848f45729f5d8ce3327","10558946","1596084525","2020-07-30 04:48:45","0xe857656b7804ecc0d0d0fd643c6cfb69063a7d1a","0xe4ffd96b5e6d2b6cdb91030c48cc932756c951b5","","0","0","0","0.004690808","11.78044830312","335.25","","","Exit",""
"0x240482f15cb4f7f7b6cc9d7f6c79cce9dc753730022bae926587c66ed8ae1ec7","10558966","1596084845","2020-07-30 04:54:05","0xe857656b7804ecc0d0d0fd643c6cfb69063a7d1a","0xe4ffd96b5e6d2b6cdb91030c48cc932756c951b5","","0","0","0","0.007194047","18.06705769533","335.25","","","Stake",""
"0x387f76c8925f0da1c61c8f6f77e6d3046a40eeb103174b83d58b00bb4f8e1ac8","10559663","1596094388","2020-07-30 07:33:08","0x358de7bae44025257eae6dd2d9774e7cbdbeeeb2","0xe4ffd96b5e6d2b6cdb91030c48cc932756c951b5","","0","0","0","0.00987184","24.7920402576","335.25","","","Stake",""
"0xd6adcd0956e146da617da1a511b02e5a4eee7e69df3a1b55249e4d7723c3c597","10559863","1596097013","2020-07-30 08:16:53","0x358de7bae44025257eae6dd2d9774e7cbdbeeeb2","0xe4ffd96b5e6d2b6cdb91030c48cc932756c951b5","","0","0","0","0.011164959","28.03956638301","335.25","","","Exit",""
"0xfb432c057e169a17a584a72175e76cd9ca8ca74c1e75ff5488fe44d6aaebccba","10559965","1596098239","2020-07-30 08:37:19","0x5a76ea2b8ecbb5622ae69e6aed1ff60a9f353d4c","0xe4ffd96b5e6d2b6cdb91030c48cc932756c951b5","","0","0","0","0.00987184","24.7920402576","335.25","","","Stake",""
"0x2556ee6b812dba340f1a84bb1feddbc4065b5d8a8b8468283c11e366c7809135","10559970","1596098284","2020-07-30 08:38:04","0x3dfe840869f6a11acc4c8c59a827671320549532","0xe4ffd96b5e6d2b6cdb91030c48cc932756c951b5","","0","0","0","0.009501646","23.86233874794","335.25","","","Stake",""
"0x03ebbe03a2205b6af25b67e935042e0b8d09dedd2fc3bca401c8299ef2a2a4a4","10559971","1596098321","2020-07-30 08:38:41","0x867d6b56809d4545a7f53e1d4fabe9086fdeb60b","0xe4ffd96b5e6d2b6cdb91030c48cc932756c951b5","","0","0","0","0.00987184","24.7920402576","335.25","","","Stake",""
"0x20fd2b6cb2e5da3eb7881637b79729093983b71e24794287cf19a24e4ad9183b","10559998","1596098716","2020-07-30 08:45:16","0x60e2a272b6233d4fe08908bfa6ea44518501732a","0xe4ffd96b5e6d2b6cdb91030c48cc932756c951b5","","0","0","0","0.009378248","23.55243824472","335.25","","","Stake",""
"0x5ae579e515b0cc787d20cbbb47784774caac2109f561ff2dd9eda73224ba504f","10560032","1596099410","2020-07-30 08:56:50","0x9c8fad7b297c634023ea5bface00bf2c2c985ec2","0xe4ffd96b5e6d2b6cdb91030c48cc932756c951b5","","0","0","0","0.009378248","23.55243824472","335.25","","","Stake",""
"0xbc8c385395bfafabca5ee34e9de50fd3b878883a8bcacb9acbb0b591b7516c08","10560085","1596100349","2020-07-30 09:12:29","0x5f1961f13427bfc1d3b4d275c36f7717eb4cf0b6","0xe4ffd96b5e6d2b6cdb91030c48cc932756c951b5","","0","0","0","0.009625044","24.17223925116","335.25","","","Stake",""
"0x884442fb1e7b0dfaa2be18f40d88dcd5af6e5067be01f916bb65249ed0bfa96c","10560086","1596100364","2020-07-30 09:12:44","0x9cb0a6b520d5c1fdf700beba8fe1b0866ef619e6","0xe4ffd96b5e6d2b6cdb91030c48cc932756c951b5","","0","0","0","0.009625044","24.17223925116","335.25","","","Stake",""
"0xb2447eae8e9b0425b0218668cc42e72d0c3f7336534257fcbba94624758bae73","10560463","1596105756","2020-07-30 10:42:36","0xeee138b5b4a558c5debc23d969138a54a297ddf3","0xe4ffd96b5e6d2b6cdb91030c48cc932756c951b5","","0","0","0","0.0135751","34.092370389","335.25","","","Stake",""
"0x6b4fda543cec04de5c68a21207a955768732ac88fe97678c71579f4bbeb8555f","10560526","1596106544","2020-07-30 10:55:44","0x32000b565101e495d6e4b531d8251e0a0b3c7341","0xe4ffd96b5e6d2b6cdb91030c48cc932756c951b5","","0","0","0","0.009995238","25.10194076082","335.25","","","Stake",""
"0xae31aef33e2464d3d4dd3c27bb6d75bed23d760b676738d601732cc6f4a6c1bb","10560536","1596106623","2020-07-30 10:57:03","0xeee138b5b4a558c5debc23d969138a54a297ddf3","0xe4ffd96b5e6d2b6cdb91030c48cc932756c951b5","","0","0","0","0.012956015","32.53760651085","335.25","","","Stake",""
"0x1b3c5115628875c48d71689bdcaff84ca76de26d23c1394e9203ebb095e38349","10560536","1596106623","2020-07-30 10:57:03","0x825e538a8cd4d1ccf42f0974f69003f91fe4c9c3","0xe4ffd96b5e6d2b6cdb91030c48cc932756c951b5","","0","0","0","0.008846992","22.21824723888","335.25","","","Stake",""
"0x2bd1e1842bee1f90200653f2e5cbdeaf9a387c5c8ba1cfa9ceec10227657c460","10560548","1596106783","2020-07-30 10:59:43","0xbb0f66f52ccefc7d36c50d7e7c2c208e53c09cc6","0xe4ffd96b5e6d2b6cdb91030c48cc932756c951b5","","0","0","0","0.01123031","28.2036882309","335.25","","","Stake",""
"0xf8883acbe71649e7ccb06b21b2d6c1ab540319e50167f01cda998df6fc9be7df","10560570","1596107103","2020-07-30 11:05:03","0x5a76ea2b8ecbb5622ae69e6aed1ff60a9f353d4c","0xe4ffd96b5e6d2b6cdb91030c48cc932756c951b5","","0","0","0","0.008673973","21.78372905247","335.25","","","Stake",""
"0x7e19649c753b2cb4e54a3c9903982ebfa21dc95f90d3fd3e2d60d47a2a55b01e","10560585","1596107290","2020-07-30 11:08:10","0x5f1961f13427bfc1d3b4d275c36f7717eb4cf0b6","0xe4ffd96b5e6d2b6cdb91030c48cc932756c951b5","","0","0","0","0.007421324","18.63783888036","335.25","","","Stake",""
"0x6cf039cf8650384d02de0fc7be391b1bea3957640dc8bee88f19856612911cdb","10560595","1596107397","2020-07-30 11:09:57","0x5f1961f13427bfc1d3b4d275c36f7717eb4cf0b6","0xe4ffd96b5e6d2b6cdb91030c48cc932756c951b5","","0","0","0","0.007518973","18.88307360247","335.25","","","Stake",""
"0x250e0aec27c82dbf3c3c38afa832f7b3486ac46548129e476c819411d1e62ec3","10560604","1596107516","2020-07-30 11:11:56","0x867d6b56809d4545a7f53e1d4fabe9086fdeb60b","0xe4ffd96b5e6d2b6cdb91030c48cc932756c951b5","","0","0","0","0.008448675","21.21791790825","335.25","","","Stake",""
"0x282c2bcadd45531a7cf415ac7cf5ee947444ae17600c4dc3c8bbc2dd9a34def7","10560610","1596107562","2020-07-30 11:12:42","0x5f1961f13427bfc1d3b4d275c36f7717eb4cf0b6","0xe4ffd96b5e6d2b6cdb91030c48cc932756c951b5","","0","0","0","0.006363973","15.98241815247","335.25","","","Stake",""
"0xd7572c04170080f78d5184d72a9ee876f077d04c2ffb0e1da8aada6ff7b58a61","10560613","1596107644","2020-07-30 11:14:04","0x3dfe840869f6a11acc4c8c59a827671320549532","0xe4ffd96b5e6d2b6cdb91030c48cc932756c951b5","","0","0","0","0.008223377","20.65210676403","335.25","","","Stake",""
"0x6ef7f5563574ba3ce1ce81112b92302fd93f2310ab01b505832607a6172cf74b","10560624","1596107880","2020-07-30 11:18:00","0x9c8fad7b297c634023ea5bface00bf2c2c985ec2","0xe4ffd96b5e6d2b6cdb91030c48cc932756c951b5","","0","0","0","0.008223377","20.65210676403","335.25","","","Stake",""
"0x6944b7ab56502d72efaaeade30514e932fe91e1994b835a48d0e065a288546b2","10560627","1596107919","2020-07-30 11:18:39","0xbb0f66f52ccefc7d36c50d7e7c2c208e53c09cc6","0xe4ffd96b5e6d2b6cdb91030c48cc932756c951b5","","0","0","0","0.010251059","25.74440706201","335.25","","","Stake",""
"0x4a9c56367f0e3ea7bd1a2953f6a97377439b8c21bb4843953cacdf125e264912","10560644","1596108139","2020-07-30 11:22:19","0x825e538a8cd4d1ccf42f0974f69003f91fe4c9c3","0xe4ffd96b5e6d2b6cdb91030c48cc932756c951b5","","0","0","0","0.008449575","21.22017815925","335.25","","","Stake",""
"0x4af6f1a156ee82b304ddf3c719e9e09b38102721b1593e0c7b48909de1733e7b","10560716","1596109173","2020-07-30 11:39:33","0xeee138b5b4a558c5debc23d969138a54a297ddf3","0xe4ffd96b5e6d2b6cdb91030c48cc932756c951b5","","0","0","0","0.010254405","25.75281017295","335.25","","","Stake",""
"0xd9bbc8df2b7b1358c918724e1f5871ba332be093d9857c5ec9dbf16d3006ba92","10560722","1596109241","2020-07-30 11:40:41","0x248535910a53b798ed5961396a1b007275728319","0xe4ffd96b5e6d2b6cdb91030c48cc932756c951b5","","0","0","0","0.012341","30.99306399","335.25","","","Stake",""
"0xebb9336c88912ee401ed8bb632437df605c357b3b84811d49bbe4cc412f6ea85","10560729","1596109400","2020-07-30 11:43:20","0x60e2a272b6233d4fe08908bfa6ea44518501732a","0xe4ffd96b5e6d2b6cdb91030c48cc932756c951b5","","0","0","0","0.008223377","20.65210676403","335.25","","","Stake",""
"0x97ca003b1da85b22215e25952d87f42ab8c170f38357063864b1f4e1bed38c91","10560777","1596110142","2020-07-30 11:55:42","0x248535910a53b798ed5961396a1b007275728319","0xe4ffd96b5e6d2b6cdb91030c48cc932756c951b5","","0","0","0","0.0112649","28.290557211","335.25","","","Stake",""
"0x61813b1008a1b1fbacf75e4ced2847ebfae4be182a5398a571140c4a4a5f4fb9","10560778","1596110150","2020-07-30 11:55:50","0x533d94255adabe5f9ac7d6755ebce1e93a00afc7","0xe4ffd96b5e6d2b6cdb91030c48cc932756c951b5","","0","0","0","0.00950257","23.8646592723","335.25","","","Stake",""
"0x6910a4640713614fbf3f06ffcd28f270333faff404bea4a17719bc4307f1ab2d","10560780","1596110165","2020-07-30 11:56:05","0xeee138b5b4a558c5debc23d969138a54a297ddf3","0xe4ffd96b5e6d2b6cdb91030c48cc932756c951b5","","0","0","0","0.007309764","18.35766821196","335.25","","","Get Reward",""
"0xb6db52e5a534892d4c7690fea548b16b1a3d50a34282100e4262ba72a9105d00","10560781","1596110206","2020-07-30 11:56:46","0x533d94255adabe5f9ac7d6755ebce1e93a00afc7","0xe4ffd96b5e6d2b6cdb91030c48cc932756c951b5","","0","0","0","0.00686475","17.2400645025","335.25","Error(0)","Reverted","Stake",""
"0xefb350f2c8fc2e422dc5e2b711689f0d0552ff1ef42207b3c52d9359e4264205","10560781","1596110206","2020-07-30 11:56:46","0x9f7610115501abd147d1d82ce92cea2a716690ed","0xe4ffd96b5e6d2b6cdb91030c48cc932756c951b5","","0","0","0","0.00888552","22.3150060728","335.25","","","Stake",""
"0xb73f9a8c26f0a9a6d1b6e10633187b509c43df02ac002bbbef70f5ec7f64d3b7","10560807","1596110630","2020-07-30 12:03:50","0x1f4bdadc7c0643b109756a3887e49629ddd14674","0xe4ffd96b5e6d2b6cdb91030c48cc932756c951b5","","0","0","0","0.00975582","24.5006687898","335.25","","","Stake",""
"0x71f4be5b09b9dc4d6a30b01294d3ac51fd523c248a84f36524fb03506e27fc15","10560847","1596111068","2020-07-30 12:11:08","0x9c8fad7b297c634023ea5bface00bf2c2c985ec2","0xe4ffd96b5e6d2b6cdb91030c48cc932756c951b5","","0","0","0","0.007323675","18.39260415825","335.25","","","Stake",""
"0x2b52fd5fe4e745f676c9bc83b1b22fca9d9b8263a60a1e29c39424f47609e9a9","10560858","1596111231","2020-07-30 12:13:51","0xd307afd66f957cf2ac369bfe93805d240328be80","0xe4ffd96b5e6d2b6cdb91030c48cc932756c951b5","","0","0","0","0.00812985","20.4172239915","335.25","","","Stake",""
"0x93031c3b32eec0a684f46a811507d6fff1035a23c5ff0eed532c347fbd55b0e4","10560864","1596111368","2020-07-30 12:16:08","0x9cb0a6b520d5c1fdf700beba8fe1b0866ef619e6","0xe4ffd96b5e6d2b6cdb91030c48cc932756c951b5","","0","0","0","0.008448675","21.21791790825","335.25","","","Stake",""
"0xa5a0c0410656bd1791458383cda05cc9e09047e8dfb69ac45ea417beb08c3a48","10560892","1596111683","2020-07-30 12:21:23","0x5a76ea2b8ecbb5622ae69e6aed1ff60a9f353d4c","0xe4ffd96b5e6d2b6cdb91030c48cc932756c951b5","","0","0","0","0.007324575","18.39486440925","335.25","","","Stake",""
"0xc25544c34cd05758e6f291650772b0359a20d68367141409ccaea69551d174ef","10560902","1596111832","2020-07-30 12:23:52","0x32000b565101e495d6e4b531d8251e0a0b3c7341","0xe4ffd96b5e6d2b6cdb91030c48cc932756c951b5","","0","0","0","0.01102712","27.6933988968","335.25","","","Exit",""
"0x505f3b86a5d00e0b54e256f0c1f29b74a645933d6918bd5ed364f923112c26e5","10560904","1596111930","2020-07-30 12:25:30","0x3dfe840869f6a11acc4c8c59a827671320549532","0xe4ffd96b5e6d2b6cdb91030c48cc932756c951b5","","0","0","0","0.007323675","18.39260415825","335.25","","","Stake",""
"0xbbf9c6b4317d774e6bf27365000d538a4d77d7a06834d17aea0f8f94678f931f","10560910","1596111992","2020-07-30 12:26:32","0x28fcf875062dd83d58356097f002deb0e4aa82e6","0xe4ffd96b5e6d2b6cdb91030c48cc932756c951b5","","0","0","0","0.00925575","23.2447979925","335.25","","","Stake",""
"0x823e4bb2f9856c482e6bcbb96e93b832a8ae68e6483857d6bfe10177f57ef20c","10560910","1596111992","2020-07-30 12:26:32","0x28fcf875062dd83d58356097f002deb0e4aa82e6","0xe4ffd96b5e6d2b6cdb91030c48cc932756c951b5","","0","0","0","0.004591356","11.53068554484","335.25","Error(0)","Reverted","Stake",""
"0x8e0088b34463ce8970fd22460fce12b958f7c5717523e084064634afbf4584ac","10560944","1596112482","2020-07-30 12:34:42","0x243d8474e5c0ce6c336e52ea58adb5d12585cfed","0xe4ffd96b5e6d2b6cdb91030c48cc932756c951b5","","0","0","0","0.00925575","23.2447979925","335.25","","","Stake",""
"0x0036239b1c07e7e89c29a94bbed713fd415167db0d6729f8abb3d71d38bb919b","10560955","1596112578","2020-07-30 12:36:18","0x05e15f2b6e3bf8ef76d80f0398eb511c9c76f052","0xe4ffd96b5e6d2b6cdb91030c48cc932756c951b5","","0","0","0","0.00987184","24.7920402576","335.25","","","Stake",""
"0x0204c8634d79b16d6622cec95f95c57694b1752294a973e371a7a873efc758a0","10560973","1596112794","2020-07-30 12:39:54","0x248535910a53b798ed5961396a1b007275728319","0xe4ffd96b5e6d2b6cdb91030c48cc932756c951b5","","0","0","0","0.0073836","18.543099204","335.25","","","Get Reward",""
"0x28eabff19fc2520376b03b86c6c71ce347a1ee1474c7b975405e4c077ba6c54f","10560996","1596113083","2020-07-30 12:44:43","0x248535910a53b798ed5961396a1b007275728319","0xe4ffd96b5e6d2b6cdb91030c48cc932756c951b5","","0","0","0","0.0105847","26.582309733","335.25","","","Withdraw",""
"0xea61bf38ec90e6848558e498076136e0efb2a76a1797be7abfca409dbd334f18","10561016","1596113345","2020-07-30 12:49:05","0xbb0f66f52ccefc7d36c50d7e7c2c208e53c09cc6","0xe4ffd96b5e6d2b6cdb91030c48cc932756c951b5","","0","0","0","0.01278351","32.1043791789","335.25","","","Exit",""
"0xb10001c0d3ebf3505d28e05df1637ec37f4938ff994dbbe859cbdff5fa83bcde","10561117","1596114676","2020-07-30 13:11:16","0xbb0f66f52ccefc7d36c50d7e7c2c208e53c09cc6","0xe4ffd96b5e6d2b6cdb91030c48cc932756c951b5","","0","0","0","0.007565238","18.99926306082","335.25","","","Stake",""
"0xa95991b6b7ec68773aa689e845efec34ec082fcb65cc4e5c90dcb88f8bff3a4a","10561147","1596115049","2020-07-30 13:17:29","0x9f7610115501abd147d1d82ce92cea2a716690ed","0xe4ffd96b5e6d2b6cdb91030c48cc932756c951b5","","0","0","0","0.008449575","21.22017815925","335.25","","","Stake",""
"0xf44df2bb9806a9aa8d6ff27275532ee9baf4e95c28d9fe8bf17cf30080bd1945","10561154","1596115108","2020-07-30 13:18:28","0x28fcf875062dd83d58356097f002deb0e4aa82e6","0xe4ffd96b5e6d2b6cdb91030c48cc932756c951b5","","0","0","0","0.01102712","27.6933988968","335.25","","","Exit",""
"0x2809733de3b8e0e550bd18d395f48f7118f1a74552c12a80900890ddd2b6a4a3","10561159","1596115184","2020-07-30 13:19:44","0x60e2a272b6233d4fe08908bfa6ea44518501732a","0xe4ffd96b5e6d2b6cdb91030c48cc932756c951b5","","0","0","0","0.00495894","12.4538323266","335.25","","","Stake",""
"0x0e3622a1ecaa33651c8d73a141f534b1733949acc8e8c59e80d7ae85ae52046b","10561171","1596115410","2020-07-30 13:23:30","0xeee138b5b4a558c5debc23d969138a54a297ddf3","0xe4ffd96b5e6d2b6cdb91030c48cc932756c951b5","","0","0","0","0.01013949","25.4642137911","335.25","","","Stake",""
"0x4eb5fdd756c707be83d11e44d10d8c25135ecb78d3712c1e07dc34cbe24a8332","10561180","1596115525","2020-07-30 13:25:25","0x248535910a53b798ed5961396a1b007275728319","0xe4ffd96b5e6d2b6cdb91030c48cc932756c951b5","","0","0","0","0.0097649","24.523472211","335.25","","","Stake",""
"0x9e0171e30a21f4edef8ff7ae57362ed85c3123661da8ad42e80082546985bb02","10561232","1596116130","2020-07-30 13:35:30","0xbb0f66f52ccefc7d36c50d7e7c2c208e53c09cc6","0xe4ffd96b5e6d2b6cdb91030c48cc932756c951b5","","0","0","0","0.00741393","18.6192696627","335.25","Error(0)","Reverted","Stake",""
"0xaea19b84ce848a93ba78939945cfb5f92b36bc4b554954f436b68c15aa676445","10561273","1596116693","2020-07-30 13:44:53","0x9cb0a6b520d5c1fdf700beba8fe1b0866ef619e6","0xe4ffd96b5e6d2b6cdb91030c48cc932756c951b5","","0","0","0","0.007422236","18.64012926804","335.25","","","Stake",""
"0x4c4b8a914be0336518f58eb75c0a66799ffbcbb292f808de59531b147f1207fd","10561343","1596117700","2020-07-30 14:01:40","0x1f4bdadc7c0643b109756a3887e49629ddd14674","0xe4ffd96b5e6d2b6cdb91030c48cc932756c951b5","","0","0","0","0.006263064","15.72899629896","335.25","","","Get Reward",""
"0xa14d039659767445cfb6c301699993d7d8bda3c8a03674e1b0565620397e00f4","10561346","1596117756","2020-07-30 14:02:36","0xc31db2e710192791b65de43d4b84886a6d770322","0xe4ffd96b5e6d2b6cdb91030c48cc932756c951b5","","0","0","0","0.00925485","23.2425377415","335.25","","","Stake",""
"0xc2ee7fde530f1909bef344af85d91f04c93406374357cc294428faa28a4fccfc","10561387","1596118235","2020-07-30 14:10:35","0x867d6b56809d4545a7f53e1d4fabe9086fdeb60b","0xe4ffd96b5e6d2b6cdb91030c48cc932756c951b5","","0","0","0","0.006198675","15.56729040825","335.25","","","Stake",""
"0xfe22dccca6355c7ea95d7fd2560116a27a59993ae2279c888bdb1c1cc658921b","10561504","1596119666","2020-07-30 14:34:26","0xf78a149be085ff02bc5de35578d52055a47a619e","0xe4ffd96b5e6d2b6cdb91030c48cc932756c951b5","","0","0","0","0.00925485","23.2425377415","335.25","","","Stake",""
"0x1df04a358cb857fd64633a5021107380531844011d7faf7ce922809ba2d88a28","10561510","1596119763","2020-07-30 14:36:03","0x533d94255adabe5f9ac7d6755ebce1e93a00afc7","0xe4ffd96b5e6d2b6cdb91030c48cc932756c951b5","","0","0","0","0.0074727","18.766864053","335.25","","","Get Reward",""
"0xbe948ffdff5227bded81e0c20f643bf491763726ae45144da9e4e8478034df22","10561525","1596120009","2020-07-30 14:40:09","0xbb0f66f52ccefc7d36c50d7e7c2c208e53c09cc6","0xe4ffd96b5e6d2b6cdb91030c48cc932756c951b5","","0","0","0","0.011164959","28.03956638301","335.25","","","Exit",""
"0x78cb6e6febc56492ae34739260326e15ee16e344aa28ead45875bdcfdc23f70c","10561528","1596120062","2020-07-30 14:41:02","0x533d94255adabe5f9ac7d6755ebce1e93a00afc7","0xe4ffd96b5e6d2b6cdb91030c48cc932756c951b5","","0","0","0","0.008674897","21.78604957683","335.25","","","Stake",""
"0x96f5e84df590d25bbb37ef1be566cd1e7c7e33b4410d52aed0ea2db6e17432e6","10561534","1596120121","2020-07-30 14:42:01","0x248535910a53b798ed5961396a1b007275728319","0xe4ffd96b5e6d2b6cdb91030c48cc932756c951b5","","0","0","0","0.0088836","22.310184204","335.25","","","Get Reward",""
"0x8cd1160b409f56e43fea4bd3e52191aa20b0661dfa3ef8e9078f1cf385afcd60","10561570","1596120580","2020-07-30 14:49:40","0x5f0fd738109dc22cc8290aff8acd2af22b0b9c4a","0xe4ffd96b5e6d2b6cdb91030c48cc932756c951b5","","0","0","0","0.009885141","24.82544425599","335.25","","","Stake",""
"0xa8012731f1f762dd3a9552fd56f8d0af7dfe069ded398b096849c5528cb7e7a3","10561598","1596120987","2020-07-30 14:56:27","0x248535910a53b798ed5961396a1b007275728319","0xe4ffd96b5e6d2b6cdb91030c48cc932756c951b5","","0","0","0","0.0112661","28.293570879","335.25","","","Stake",""
"0xb61be71b87fbfed77dfb7a4527233ddadcbb3b2d8d49062ae338544bfe069462","10561610","1596121179","2020-07-30 14:59:39","0x6e93ebc8302890ff1d1befd779d1db131ef30d4d","0xe4ffd96b5e6d2b6cdb91030c48cc932756c951b5","","0","0","0","0.00937916","23.5547286324","335.25","","","Stake",""
"0x2256287304fb001d2853c6e9c49d9684cc8bf12e282f17fd64eab710c6b2ab0f","10561612","1596121208","2020-07-30 15:00:08","0x35848fc8cbd1c6032ff441af5520de66eb75bce2","0xe4ffd96b5e6d2b6cdb91030c48cc932756c951b5","","0","0","0","0.01086008","27.2738963112","335.25","","","Stake",""
"0x3cb2912ba45cbc8884fc8e187a871faa06544ab73f8862c2bfc4472d6348dadb","10561621","1596121343","2020-07-30 15:02:23","0x6e93ebc8302890ff1d1befd779d1db131ef30d4d","0xe4ffd96b5e6d2b6cdb91030c48cc932756c951b5","","0","0","0","0.008562236","21.50311386804","335.25","","","Stake",""
"0xb75eafa577fe69e984838b177dc4233e080a3b93fab3fe0e25cc57a8743b93da","10561621","1596121343","2020-07-30 15:02:23","0xca214150c6df8848b2488f33f2c35f2417265798","0xe4ffd96b5e6d2b6cdb91030c48cc932756c951b5","","0","0","0","0.008733008","21.93198896112","335.25","","","Stake",""
"0x7dfa41fbb20ed994e56c6604744e7c74258f242de2c8b83af757239181d349be","10561625","1596121410","2020-07-30 15:03:30","0xd7a98d34cd49dd203cac9752ea400ee309a5f602","0xe4ffd96b5e6d2b6cdb91030c48cc932756c951b5","","0","0","0","0.037023","92.97919197","335.25","","","Stake",""
"0xe38757492b74909d76a991f8b9960bc44413c68dc19ee8ec3076d245691b532a","10561627","1596121454","2020-07-30 15:04:14","0xd307afd66f957cf2ac369bfe93805d240328be80","0xe4ffd96b5e6d2b6cdb91030c48cc932756c951b5","","0","0","0","0.007421324","18.63783888036","335.25","","","Stake",""
"0x8081149204aa7b197388b0d1dbc612df371777a8df521d3af00264be67d97389","10561634","1596121550","2020-07-30 15:05:50","0x5f1961f13427bfc1d3b4d275c36f7717eb4cf0b6","0xe4ffd96b5e6d2b6cdb91030c48cc932756c951b5","","0","0","0","0.007323675","18.39260415825","335.25","","","Stake",""
"0x8dede1da1d178b231ddc4aa4a5325eee0573cd3f6cecce6200fa680e2902ae7a","10561645","1596121685","2020-07-30 15:08:05","0x35848fc8cbd1c6032ff441af5520de66eb75bce2","0xe4ffd96b5e6d2b6cdb91030c48cc932756c951b5","","0","0","0","0.009914168","24.89834237352","335.25","","","Stake",""
"0x42f18921d5ae25bd0c004e0ea2b7956cb8ff64a8d18efd27a7f8608fec3e08d2","10561646","1596121733","2020-07-30 15:08:53","0xa3953352beab67861e5a7fff47f36611a1ff5335","0xe4ffd96b5e6d2b6cdb91030c48cc932756c951b5","","0","0","0","0.00950257","23.8646592723","335.25","","","Stake",""
"0x17409b66ec7169870da168ce2cdd9e36c35136458fa041f8e47dbb55a29da0c5","10561648","1596121757","2020-07-30 15:09:17","0xc31db2e710192791b65de43d4b84886a6d770322","0xe4ffd96b5e6d2b6cdb91030c48cc932756c951b5","","0","0","0","0.008673973","21.78372905247","335.25","","","Stake",""
"0xcfaf856e8ca543d037a61255ae9b6cf01c02b12a4df20fcb605865cbdf66867c","10561649","1596121771","2020-07-30 15:09:31","0xa4ec0b861da15e2ad3496fbd8dbe2bb8d569b760","0xe4ffd96b5e6d2b6cdb91030c48cc932756c951b5","","0","0","0","0.00937916","23.5547286324","335.25","","","Stake",""
"0x2b028bd440a5d23d849e45ca75bd0989124a734fc1e553a0c794c6b40cf6e650","10561659","1596121887","2020-07-30 15:11:27","0xd7a98d34cd49dd203cac9752ea400ee309a5f602","0xe4ffd96b5e6d2b6cdb91030c48cc932756c951b5","","0","0","0","0.0337983","84.880712637","335.25","","","Stake",""
"0x16ee9764c5ad28e70afb5dece51cef17a85f3f6baccf8f604d151c193b3ea844","10561670","1596122026","2020-07-30 15:13:46","0xd81a19b8b3be4912018b32ad634c0ca873f45189","0xe4ffd96b5e6d2b6cdb91030c48cc932756c951b5","","0","0","0","0.01048985","26.3441043915","335.25","","","Stake",""
"0xb0b9054c3ab5349019d901b93e9cfa63dc2df8b4c5835814d3f8b08834c4b232","10561676","1596122102","2020-07-30 15:15:02","0x9cb0a6b520d5c1fdf700beba8fe1b0866ef619e6","0xe4ffd96b5e6d2b6cdb91030c48cc932756c951b5","","0","0","0","0.006751536","16.95573999504","335.25","","","Get Reward",""
"0x7514ec2d82042545604c64cde74eed6eb1765ae246db4dd34ac777349896177d","10561690","1596122373","2020-07-30 15:19:33","0xd7a98d34cd49dd203cac9752ea400ee309a5f602","0xe4ffd96b5e6d2b6cdb91030c48cc932756c951b5","","0","0","0","0.0097661","24.526485879","335.25","","","Stake",""
"0xe99bc68e17386580328d6ecb86568e2abe7c28d1abaa69fca1f2737ce668d2ff","10561694","1596122433","2020-07-30 15:20:33","0x5efb378b18682bee1acf36f2d04acc93b81e5ad3","0xe4ffd96b5e6d2b6cdb91030c48cc932756c951b5","","0","0","0","0.0148092","37.191676788","335.25","","","Stake",""
"0x7a1438759c0324883959ef1369773afa9dce8ea1d90ab4d037ffa7737f05ef06","10561694","1596122433","2020-07-30 15:20:33","0xca214150c6df8848b2488f33f2c35f2417265798","0xe4ffd96b5e6d2b6cdb91030c48cc932756c951b5","","0","0","0","0.008020243","20.14195806777","335.25","","","Stake",""
"0x82785b42818a5a235ab66535eb3f52f29c057579a2aee7652543296b75b439df","10561696","1596122443","2020-07-30 15:20:43","0xc250faac530589cce5a5c22e5f0961fa212542c1","0xe4ffd96b5e6d2b6cdb91030c48cc932756c951b5","","0","0","0","0.01110798","27.8964698922","335.25","","","Stake",""
"0xf06cd34ffe938cde0b975c900570613cf41f59205d97b88d3dbacac2471c2139","10561696","1596122443","2020-07-30 15:20:43","0x243d8474e5c0ce6c336e52ea58adb5d12585cfed","0xe4ffd96b5e6d2b6cdb91030c48cc932756c951b5","","0","0","0","0.006926184","17.39434923576","335.25","","","Get Reward",""
"0x55a9d7645de133f84578eeab2788717d182129a56a1035afc1f351909884f6a4","10561700","1596122472","2020-07-30 15:21:12","0xbb0f66f52ccefc7d36c50d7e7c2c208e53c09cc6","0xe4ffd96b5e6d2b6cdb91030c48cc932756c951b5","","0","0","0","0.008779266","22.04816083974","335.25","","","Stake",""
"0xd280581959cf782d5fb0b59272e134cf5c27a96718e94c50b753bab584066f0f","10561706","1596122599","2020-07-30 15:23:19","0x5a8c9e714082f1af7eb9d12600fbcfb91dfe2258","0xe4ffd96b5e6d2b6cdb91030c48cc932756c951b5","","0","0","0","0.009625044","24.17223925116","335.25","","","Stake",""
"0x82034cc33b33e56cf0e75710ce8e1fefccb19ddfb0111ced8e913423b0a20900","10561706","1596122599","2020-07-30 15:23:19","0xf78a149be085ff02bc5de35578d52055a47a619e","0xe4ffd96b5e6d2b6cdb91030c48cc932756c951b5","","0","0","0","0.007017318","17.62322225202","335.25","","","Get Reward",""
"0x0f06a0a4137d6b279750f8bd9db19b83b6f37d1cc536922a6ade5e69699914db","10561710","1596122669","2020-07-30 15:24:29","0xeee138b5b4a558c5debc23d969138a54a297ddf3","0xe4ffd96b5e6d2b6cdb91030c48cc932756c951b5","","0","0","0","0.00799524","20.0791657836","335.25","","","Get Reward",""
"0x14018b6070cdb6911e2ccba7da5b99a890ae381240ce3c9ed95688dc8afe0d50","10561710","1596122669","2020-07-30 15:24:29","0x5a8c9e714082f1af7eb9d12600fbcfb91dfe2258","0xe4ffd96b5e6d2b6cdb91030c48cc932756c951b5","","0","0","0","0.008124402","20.40354193878","335.25","","","Stake",""
"0xbd8daca80fed1a723f539731f43b4b0d4bfe9138bae2ade28dd3af0898292f8f","10561718","1596122765","2020-07-30 15:26:05","0x7263198c709a456cfdb9d968c9ec56dfb111e5b2","0xe4ffd96b5e6d2b6cdb91030c48cc932756c951b5","","0","0","0","0.010861136","27.27654833904","335.25","","","Stake",""
"0xb2844f26d9e8d77d6a5073df07c67dcadcaa49c3b9ecbfb60b59cb8ab7b9d7a8","10561727","1596122837","2020-07-30 15:27:17","0x243d8474e5c0ce6c336e52ea58adb5d12585cfed","0xe4ffd96b5e6d2b6cdb91030c48cc932756c951b5","","0","0","0","0.01279088","32.1228881232","335.25","Error(0)","Out of gas","Exit",""
"0x9f3d7b96fcf359b9521a95d0d12dd3082b1966242e2d50373437da96db242d13","10561730","1596122886","2020-07-30 15:28:06","0xeee138b5b4a558c5debc23d969138a54a297ddf3","0xe4ffd96b5e6d2b6cdb91030c48cc932756c951b5","","0","0","0","0.008995041","22.59005601699","335.25","","","Withdraw",""
"0x865ffa647ff987e767a54541b790d5bbd218f3111cba5653c843b2c40d9541ce","10561733","1596122937","2020-07-30 15:28:57","0xeee138b5b4a558c5debc23d969138a54a297ddf3","0xe4ffd96b5e6d2b6cdb91030c48cc932756c951b5","","0","0","0","0.007299666","18.33230819574","335.25","","","Get Reward",""
"0xcb0ecf55c170abe0581ce292e0c4ab48cc46931b5b93f2a1ffbebf3952c9d79a","10561733","1596122937","2020-07-30 15:28:57","0x533d94255adabe5f9ac7d6755ebce1e93a00afc7","0xe4ffd96b5e6d2b6cdb91030c48cc932756c951b5","","0","0","0","0.009364423","23.51771827797","335.25","","","Exit",""
"0xac9775c4cff2ee1da2f8ba347df420988ff00773fe09555d6c0b5f653af54057","10561733","1596122937","2020-07-30 15:28:57","0x243d8474e5c0ce6c336e52ea58adb5d12585cfed","0xe4ffd96b5e6d2b6cdb91030c48cc932756c951b5","","0","0","0","0.006423846","16.13278260594","335.25","","","Withdraw",""
"0x3de2175aa7b8f32a4d4f4f3e7490d801477a3da391b1840aa56dcb3af5597612","10561739","1596123010","2020-07-30 15:30:10","0xfeec32efba1f7ae305ec3ea0b694a5f07b39f390","0xe4ffd96b5e6d2b6cdb91030c48cc932756c951b5","","0","0","0","0.009625044","24.17223925116","335.25","","","Stake",""
"0x6093c4eaceb1bad43eec707135d98e933a4d6f81d9f41d056e212b3c2b98016f","10561742","1596123080","2020-07-30 15:31:20","0xfeec32efba1f7ae305ec3ea0b694a5f07b39f390","0xe4ffd96b5e6d2b6cdb91030c48cc932756c951b5","","0","0","0","0.008674897","21.78604957683","335.25","","","Stake",""
"0x098187cdb03da5a49c3f69e45fb4b09f2be325e801e36ce59ad3267576ca1f45","10561747","1596123145","2020-07-30 15:32:25","0xe857656b7804ecc0d0d0fd643c6cfb69063a7d1a","0xe4ffd96b5e6d2b6cdb91030c48cc932756c951b5","","0","0","0","0.006601608","16.57921231512","335.25","","","Get Reward",""
"0x281af4c39d108d32f2147a5a593dba2d1b83a24802ac220eb69ee9f456bbc03a","10561751","1596123161","2020-07-30 15:32:41","0x9f7610115501abd147d1d82ce92cea2a716690ed","0xe4ffd96b5e6d2b6cdb91030c48cc932756c951b5","","0","0","0","0.007617558","19.13065898562","335.25","","","Stake",""
"0xc495e7dad2cd4a16069679dd26f3b807b13045bd895f1a135333b3cc1720e928","10561756","1596123240","2020-07-30 15:34:00","0xc31db2e710192791b65de43d4b84886a6d770322","0xe4ffd96b5e6d2b6cdb91030c48cc932756c951b5","","0","0","0","0.007616622","19.12830832458","335.25","","","Stake",""
"0xa104472c9b088375eea2772e80a76e451c8f1355af3f942a413cbb74401763b2","10561757","1596123261","2020-07-30 15:34:21","0xc250faac530589cce5a5c22e5f0961fa212542c1","0xe4ffd96b5e6d2b6cdb91030c48cc932756c951b5","","0","0","0","0.01013949","25.4642137911","335.25","","","Stake",""
"0x5b406cd701e2beb37ea62e57036b1c77fb9296604d04d5ab99bfcd213c6f7bee","10561767","1596123396","2020-07-30 15:36:36","0x6e93ebc8302890ff1d1befd779d1db131ef30d4d","0xe4ffd96b5e6d2b6cdb91030c48cc932756c951b5","","0","0","0","0.007618494","19.13300964666","335.25","","","Stake",""
"0x963e13a6707fb9517b01262c30005955b605a55e3b4508f284d888bda0a7af7f","10561770","1596123455","2020-07-30 15:37:35","0x5a8c9e714082f1af7eb9d12600fbcfb91dfe2258","0xe4ffd96b5e6d2b6cdb91030c48cc932756c951b5","","0","0","0","0.007618494","19.13300964666","335.25","","","Stake",""
"0x8dd57d86ddf852d1f450cef2ac3250702300ff45862148bd19141b0bce98e7c1","10561775","1596123561","2020-07-30 15:39:21","0x5f1961f13427bfc1d3b4d275c36f7717eb4cf0b6","0xe4ffd96b5e6d2b6cdb91030c48cc932756c951b5","","0","0","0","0.006446622","16.18998202458","335.25","","","Stake",""
"0x77dd8a83a86459bca2a5e1524afc92f4f4dd90ddf11fef585c4705e1d20942b3","10561812","1596123960","2020-07-30 15:46:00","0xd7a98d34cd49dd203cac9752ea400ee309a5f602","0xe4ffd96b5e6d2b6cdb91030c48cc932756c951b5","","0","0","0","0.0181718","45.636476802","335.25","","","Withdraw",""
"0x6c18aa73c5090137740bf96483a0caee87cf80208f326ceec561edcadce89861","10561822","1596124128","2020-07-30 15:48:48","0xa3953352beab67861e5a7fff47f36611a1ff5335","0xe4ffd96b5e6d2b6cdb91030c48cc932756c951b5","","0","0","0","0.008788494","22.07133594666","335.25","","","Stake",""
"0xb1657f00e5b0bfe15bb81abe4dfd374274c66b1edf1b301906bdfc9ad9a8e023","10561825","1596124150","2020-07-30 15:49:10","0xd7a98d34cd49dd203cac9752ea400ee309a5f602","0xe4ffd96b5e6d2b6cdb91030c48cc932756c951b5","","0","0","0","0.0110754","27.814648806","335.25","","","Get Reward",""
"0xdf76120b915d22f9395093ee70e202daa33d64d596a9897338553cf39a3c3d1a","10561826","1596124154","2020-07-30 15:49:14","0x5e1e164ab21828fcee0bddf0641f05e6da842ff7","0xe4ffd96b5e6d2b6cdb91030c48cc932756c951b5","","0","0","0","0.009625044","24.17223925116","335.25","","","Stake",""
"0xb5538bda9b3bffc83212093272c4d6b7d63855f34b819be90224e72069f1d8e4","10561831","1596124213","2020-07-30 15:50:13","0x85bc9206af54a6b0021f572de228596223f517b7","0xe4ffd96b5e6d2b6cdb91030c48cc932756c951b5","","0","0","0","0.0148092","37.191676788","335.25","","","Stake",""
"0x1cd7cc426395e662dce44ef6e1b940c3d58cf19541de2fb91bdf18163717985f","10561848","1596124500","2020-07-30 15:55:00","0x93f5af632ce523286e033f0510e9b3c9710f4489","0xe4ffd96b5e6d2b6cdb91030c48cc932756c951b5","","0","0","0","0.009625044","24.17223925116","335.25","","","Stake",""
"0xa78dc05fa46b696b81a07867387d43f1d78fa610341ea0d498aec1628445a85b","10561849","1596124515","2020-07-30 15:55:15","0xfeec32efba1f7ae305ec3ea0b694a5f07b39f390","0xe4ffd96b5e6d2b6cdb91030c48cc932756c951b5","","0","0","0","0.007617558","19.13065898562","335.25","","","Stake",""
"0x99eeba9e15bbc2c8c413028a96fdbc3b6b161fa4cdecf6cda0ddd5a85b9f3724","10561892","1596125149","2020-07-30 16:05:49","0x14e56cf9e6257475f9b6310adc98865fc24d6504","0xe4ffd96b5e6d2b6cdb91030c48cc932756c951b5","","0","0","0","0.01036644","26.0341737516","335.25","","","Stake",""
"0xe366942f8be9c7a4cb837da22d05a562eb3434de6d458fdd67756d9c3971df60","10561898","1596125243","2020-07-30 16:07:23","0x6e93ebc8302890ff1d1befd779d1db131ef30d4d","0xe4ffd96b5e6d2b6cdb91030c48cc932756c951b5","","0","0","0","0.006929208","17.40194367912","335.25","","","Get Reward",""
"0xea9d522d77976c27fff90cf16acb8b05e05399df0f9b14df2d355b00b5de3d01","10561908","1596125443","2020-07-30 16:10:43","0xc31db2e710192791b65de43d4b84886a6d770322","0xe4ffd96b5e6d2b6cdb91030c48cc932756c951b5","","0","0","0","0.007616622","19.12830832458","335.25","","","Stake",""
"0x4c20fed403a7a92284f843dab01df55c5894e7688dae9ce42a3362104e58daf3","10561947","1596125887","2020-07-30 16:18:07","0x5e1e164ab21828fcee0bddf0641f05e6da842ff7","0xe4ffd96b5e6d2b6cdb91030c48cc932756c951b5","","0","0","0","0.008787558","22.06898528562","335.25","","","Stake",""
"0x014a6bf8b8875faef7ad5f9f7fedd89a88750aa69d3607e6d938042010b05d43","10561952","1596125943","2020-07-30 16:19:03","0xa914c3f59abc6deae86e39d2ae538c2ffbe95562","0xe4ffd96b5e6d2b6cdb91030c48cc932756c951b5","","0","0","0","0.00962598","24.1745899122","335.25","","","Stake",""
"0x317a417ee3030c128b355cf5af34c881866155129281dbedd17dc0003eb8e0c3","10561958","1596126002","2020-07-30 16:20:02","0x5e1e164ab21828fcee0bddf0641f05e6da842ff7","0xe4ffd96b5e6d2b6cdb91030c48cc932756c951b5","","0","0","0","0.006929208","17.40194367912","335.25","","","Get Reward",""
"0x1e33d0ce88893a867eeca5cacbf0ae3ff05489fbba5bea3b0a6b0e61cfecc240","10561970","1596126131","2020-07-30 16:22:11","0x35848fc8cbd1c6032ff441af5520de66eb75bce2","0xe4ffd96b5e6d2b6cdb91030c48cc932756c951b5","","0","0","0","0.007616622","19.12830832458","335.25","","","Stake",""
"0x5aca87ff8f50bcd04cdf5dfdb76afc96fbd4d1bc5a986c42707831518806b981","10561985","1596126322","2020-07-30 16:25:22","0x35848fc8cbd1c6032ff441af5520de66eb75bce2","0xe4ffd96b5e6d2b6cdb91030c48cc932756c951b5","","0","0","0","0.00710688","17.8481473632","335.25","","","Get Reward",""
"0x8a7adf5362e51f4d593c85a39fa4a1410aebad49a291db5fde4376b848ba01e1","10562005","1596126806","2020-07-30 16:33:26","0xfdaf028f781a6eed9f9a39b2a538a3d7a1974e5f","0xe4ffd96b5e6d2b6cdb91030c48cc932756c951b5","","0","0","0","0.009625044","24.17223925116","335.25","","","Stake",""
"0xbe95527196f18f5c1858c562aeb783b01f896e4e72f1ed3a10df114d0834fbd3","10562015","1596126982","2020-07-30 16:36:22","0x0573b48cd681560818e1c6f5be2dee53f2807bc6","0xe4ffd96b5e6d2b6cdb91030c48cc932756c951b5","","0","0","0","0.009625044","24.17223925116","335.25","","","Stake",""
"0x8bb1e8d5facb7b62eb33c0ce520eab03c70ea29328010d450ecf6d9bedaa9a7e","10562029","1596127264","2020-07-30 16:41:04","0xd7a98d34cd49dd203cac9752ea400ee309a5f602","0xe4ffd96b5e6d2b6cdb91030c48cc932756c951b5","","0","0","0","0.009581442","24.06273762438","335.25","","","Exit",""
"0x11b88cfb90ca836fb784c6db21268ee96a37801388e03693a9457dac61950ad3","10562029","1596127264","2020-07-30 16:41:04","0xd7a98d34cd49dd203cac9752ea400ee309a5f602","0xe4ffd96b5e6d2b6cdb91030c48cc932756c951b5","","0","0","0","0.003413826","8.57344847814","335.25","Error(0)","Reverted","Exit",""
"0xb2a0b000d5b9c05c432ddc972596f02d1ca6d9d03689eb8ce4a55188038d4fd2","10562036","1596127403","2020-07-30 16:43:23","0xd7a98d34cd49dd203cac9752ea400ee309a5f602","0xe4ffd96b5e6d2b6cdb91030c48cc932756c951b5","","0","0","0","0.008455044","21.23391295116","335.25","","","Stake",""
"0x95471aa46e2ba7064c29f43e51e4529e5d84622abe88888f1da9b439e38d3a50","10562037","1596127408","2020-07-30 16:43:28","0xca214150c6df8848b2488f33f2c35f2417265798","0xe4ffd96b5e6d2b6cdb91030c48cc932756c951b5","","0","0","0","0.00755106","18.9636565734","335.25","","","Get Reward",""
"0x796906276175abc4ba957643133a08b2762dfb57bd191af132f8a10e8ad28551","10562042","1596127454","2020-07-30 16:44:14","0x7263198c709a456cfdb9d968c9ec56dfb111e5b2","0xe4ffd96b5e6d2b6cdb91030c48cc932756c951b5","","0","0","0","0.007871244","19.76776346916","335.25","","","Get Reward",""
"0x31b8326c48210ce8d8bd86fbf237c7e39a0097c22754ab9466e82b310882c477","10562050","1596127559","2020-07-30 16:45:59","0xbb0f66f52ccefc7d36c50d7e7c2c208e53c09cc6","0xe4ffd96b5e6d2b6cdb91030c48cc932756c951b5","","0","0","0","0.009581442","24.06273762438","335.25","","","Exit",""
"0x5c363917b8d9db252955471e2e07e213954422a57e774442ef692cf937f209b5","10562131","1596128716","2020-07-30 17:05:16","0xfde0ebba06528945e4ac1ebf1534ad147f8b4bac","0xe4ffd96b5e6d2b6cdb91030c48cc932756c951b5","","0","0","0","0.00974939","24.4845205521","335.25","","","Stake",""
"0x003886a80154a4afc70d02b2ec976addd6386f615cf606fa25eefa70cf0f30e3","10562190","1596129476","2020-07-30 17:17:56","0x7263198c709a456cfdb9d968c9ec56dfb111e5b2","0xe4ffd96b5e6d2b6cdb91030c48cc932756c951b5","","0","0","0","0.00719406","18.0670903434","335.25","","","Get Reward",""
"0xb4719acbf906135166d0bceee8b66d506f6f5a07d194f35ee1adbf64063c9439","10562192","1596129555","2020-07-30 17:19:15","0xa3953352beab67861e5a7fff47f36611a1ff5335","0xe4ffd96b5e6d2b6cdb91030c48cc932756c951b5","","0","0","0","0.007817568","19.63296209952","335.25","","","Get Reward",""
"0x4fb120f1f63ca4e67de066a7f0528b596db8acbbc6b19e07ca551a7347a53766","10562192","1596129555","2020-07-30 17:19:15","0x14e56cf9e6257475f9b6310adc98865fc24d6504","0xe4ffd96b5e6d2b6cdb91030c48cc932756c951b5","","0","0","0","0.007472988","18.76758733332","335.25","","","Get Reward",""
"0xe4ac241d8ff95b0fdb737849e48989e5b89e35c18c5383228039c10d1d6835b1","10562194","1596129574","2020-07-30 17:19:34","0x5e1e164ab21828fcee0bddf0641f05e6da842ff7","0xe4ffd96b5e6d2b6cdb91030c48cc932756c951b5","","0","0","0","0.008899271","22.34954019669","335.25","","","Stake",""
"0xf71027f520a582950aede883692bea040ec1cba7e1c1bb847573edda8f43f3ad","10562198","1596129603","2020-07-30 17:20:03","0xc31db2e710192791b65de43d4b84886a6d770322","0xe4ffd96b5e6d2b6cdb91030c48cc932756c951b5","","0","0","0","0.007714271","19.37354304669","335.25","","","Stake",""
"0x33db259a70b1614d3d981c28cb6c3a4521d304023b3ecb7bf8affb4950a91ef1","10562204","1596129667","2020-07-30 17:21:07","0xd7a98d34cd49dd203cac9752ea400ee309a5f602","0xe4ffd96b5e6d2b6cdb91030c48cc932756c951b5","","0","0","0","0.007176913","18.02402753907","335.25","","","Withdraw",""
"0x1afe88a399b4f43d5beffe5ba0db209e05a8f1faf4ef84989bae54f8cf6644aa","10562212","1596129759","2020-07-30 17:22:39","0x7263198c709a456cfdb9d968c9ec56dfb111e5b2","0xe4ffd96b5e6d2b6cdb91030c48cc932756c951b5","","0","0","0","0.010441315","26.22221407785","335.25","","","Exit",""
"0x01c831694205c27f055883266c2dde6023f44af6d1a78c6e26f532825d869ca3","10562227","1596130011","2020-07-30 17:26:51","0x6e93ebc8302890ff1d1befd779d1db131ef30d4d","0xe4ffd96b5e6d2b6cdb91030c48cc932756c951b5","","0","0","0","0.009704281","24.37123426059","335.25","","","Exit",""
"0x10912ffa73d577aaa2152b13290b92ddee022d102d9f4527f685a08c2cfa8f1d","10562235","1596130178","2020-07-30 17:29:38","0x35848fc8cbd1c6032ff441af5520de66eb75bce2","0xe4ffd96b5e6d2b6cdb91030c48cc932756c951b5","","0","0","0","0.010809832","27.14770398648","335.25","","","Exit",""
"0xecf037d014511135ebf5e926c921df4f711bd10f5258c336034268446fef38a8","10562267","1596130660","2020-07-30 17:37:40","0x9c8fad7b297c634023ea5bface00bf2c2c985ec2","0xe4ffd96b5e6d2b6cdb91030c48cc932756c951b5","","0","0","0","0.005916066","14.85754899174","335.25","","","Withdraw",""
"0xd4689c028218f57220f6965a40a51d522820db5585899710cf807500f0785299","10562289","1596130859","2020-07-30 17:40:59","0x8be8247ef3a329b06cf3ce3d5b8ad3ca3ed642c0","0xe4ffd96b5e6d2b6cdb91030c48cc932756c951b5","","0","0","0","0.00962598","24.1745899122","335.25","","","Stake",""
"0xa1491e204d4c25938c13cfd353588a6a0dbbad504e5ccb0f7456dae1af7e375e","10562299","1596130997","2020-07-30 17:43:17","0xca214150c6df8848b2488f33f2c35f2417265798","0xe4ffd96b5e6d2b6cdb91030c48cc932756c951b5","","0","0","0","0.009704281","24.37123426059","335.25","","","Exit",""
"0x1fe40c1992d70f5af9ee28e5d55a189d874b817128baa78e176ca85411b7aff5","10562351","1596131609","2020-07-30 17:53:29","0x14e56cf9e6257475f9b6310adc98865fc24d6504","0xe4ffd96b5e6d2b6cdb91030c48cc932756c951b5","","0","0","0","0.009335764","23.44574435196","335.25","","","Exit",""
"0x896d80383f88d60d840e37cfc1e97002bc93f2d2e51e10ee70449edcfa1cef92","10562362","1596131759","2020-07-30 17:55:59","0xc8eb3d40f00e53e5c45d9fa079e117e9fe7fb153","0xe4ffd96b5e6d2b6cdb91030c48cc932756c951b5","","0","0","0","0.0086387","21.695144793","335.25","","","Stake",""
"0xef8577897324ce1b6421fd4eed22592e3fb27396dd165e20ef00791d505aab5e","10562393","1596132085","2020-07-30 18:01:25","0xd7a98d34cd49dd203cac9752ea400ee309a5f602","0xe4ffd96b5e6d2b6cdb91030c48cc932756c951b5","","0","0","0","0.004497774","11.29566464586","335.25","","","Get Reward",""
"0xa809e34516d18fe8197f121d267b5bf318ef23efdb256c681b608530177c9d3c","10562537","1596134104","2020-07-30 18:35:04","0x15bdd87fe60e212c150d18d205766bda86350152","0xe4ffd96b5e6d2b6cdb91030c48cc932756c951b5","","0","0","0","0.007528742","18.90760737138","335.25","","","Stake",""
"0x050a0b37fb858cd365a979a8f6e3c347bc963cc6785ab2a0d3dd7994be518c72","10562541","1596134216","2020-07-30 18:36:56","0x05e15f2b6e3bf8ef76d80f0398eb511c9c76f052","0xe4ffd96b5e6d2b6cdb91030c48cc932756c951b5","","0","0","0","0.00761724","19.1298603636","335.25","","","Get Reward",""
"0x66b554c263ce3d72191dd607bcb0936c44c5800edc6c19830243398b7873b895","10562608","1596134948","2020-07-30 18:49:08","0x60e2a272b6233d4fe08908bfa6ea44518501732a","0xe4ffd96b5e6d2b6cdb91030c48cc932756c951b5","","0","0","0","0.005541667","13.91728708713","335.25","","","Withdraw",""
"0xc5c59a18e6e2fd2ff1ce0cc7ddebca88023235874d02ba7d949cddd6923d2940","10562608","1596134948","2020-07-30 18:49:08","0xfdaf028f781a6eed9f9a39b2a538a3d7a1974e5f","0xe4ffd96b5e6d2b6cdb91030c48cc932756c951b5","","0","0","0","0.005559174","13.96125399186","335.25","","","Get Reward",""
"0x0a11ae9d680da826bab069a8272cae9d0d9e4d98bfbf3e96e173c77fd2b83df3","10562618","1596135074","2020-07-30 18:51:14","0x3dfe840869f6a11acc4c8c59a827671320549532","0xe4ffd96b5e6d2b6cdb91030c48cc932756c951b5","","0","0","0","0.004626667","11.61936523713","335.25","","","Withdraw",""
"0x773b596e8c53ab646f747600ce4d17da0c29d83412de852d8db1cb34121f121a","10562618","1596135074","2020-07-30 18:51:14","0x5f1961f13427bfc1d3b4d275c36f7717eb4cf0b6","0xe4ffd96b5e6d2b6cdb91030c48cc932756c951b5","","0","0","0","0.008145757","20.45717267223","335.25","","","Exit",""
"0x742ad7ef91b34bc5bad101f99920f240a8543abb7fab2d723f552379816d1556","10562629","1596135216","2020-07-30 18:53:36","0xafcfc04a489ecaae659a0b227224401ca0464004","0xe4ffd96b5e6d2b6cdb91030c48cc932756c951b5","","0","0","0","0.004844925","12.16749619575","335.25","","","Get Reward",""
"0xd211f82ccdf3702cf10f6f7c8901ba6fd72a855fc044cf041239e6575b9eae14","10562638","1596135281","2020-07-30 18:54:41","0xfeec32efba1f7ae305ec3ea0b694a5f07b39f390","0xe4ffd96b5e6d2b6cdb91030c48cc932756c951b5","","0","0","0","0.00533016","13.3861105224","335.25","","","Get Reward",""
"0x80e8be8501b886ff63c885a43bebfb822b5beb7c764a4559a4568fa04da7191e","10562655","1596135452","2020-07-30 18:57:32","0xafcfc04a489ecaae659a0b227224401ca0464004","0xe4ffd96b5e6d2b6cdb91030c48cc932756c951b5","","0","0","0","0.006180054","15.52052581506","335.25","","","Stake",""
"0xf0aec8871885170452b34eab545ade5c19181f0762bcfaa0179a2c8f72724b79","10562686","1596135825","2020-07-30 19:03:45","0x8be8247ef3a329b06cf3ce3d5b8ad3ca3ed642c0","0xe4ffd96b5e6d2b6cdb91030c48cc932756c951b5","","0","0","0","0.006420993","16.12561761027","335.25","","","Stake",""
"0xb7e4740fccca5235741417bd14396678a222c6223307298c16571ad6e1722768","10562688","1596135836","2020-07-30 19:03:56","0xafcfc04a489ecaae659a0b227224401ca0464004","0xe4ffd96b5e6d2b6cdb91030c48cc932756c951b5","","0","0","0","0.004824252","12.11557823028","335.25","","","Get Reward",""
"0x0c92cdcf5c96aea10da1f553d4c20e3712d302b144c70c7be667b705a4a90f94","10562699","1596135979","2020-07-30 19:06:19","0xde13608e87cdd70c5b10c0de1bdc467f66d846c4","0xe4ffd96b5e6d2b6cdb91030c48cc932756c951b5","","0","0","0","0.007281898","18.28768581822","335.25","","","Stake",""
"0x61acc80395a803af1f2dc727f77708c0efe115721eb1da9aeee0a4d8e06d1ab1","10562700","1596135996","2020-07-30 19:06:36","0xd307afd66f957cf2ac369bfe93805d240328be80","0xe4ffd96b5e6d2b6cdb91030c48cc932756c951b5","","0","0","0","0.007670106","19.26262750734","335.25","","","Exit",""
"0x614e0e2e948e6852d2710e3e9c36ef52a4f0e368648fca89c54c038a095dbb5e","10562750","1596136640","2020-07-30 19:17:20","0xafcfc04a489ecaae659a0b227224401ca0464004","0xe4ffd96b5e6d2b6cdb91030c48cc932756c951b5","","0","0","0","0.00465498","11.6904702222","335.25","","","Get Reward",""
"0x23b7c1719f08cb51c9047471f4cf57e4152e289445f7bf4037ad04ea4af87c72","10562765","1596136849","2020-07-30 19:20:49","0xa3953352beab67861e5a7fff47f36611a1ff5335","0xe4ffd96b5e6d2b6cdb91030c48cc932756c951b5","","0","0","0","0.006633306","16.65881835534","335.25","","","Exit",""
"0x29c9ed4a55bf3433de0e1571e335d942d8ef572c157d5ddc4796820a20a29abb","10562776","1596137031","2020-07-30 19:23:51","0x35848fc8cbd1c6032ff441af5520de66eb75bce2","0xe4ffd96b5e6d2b6cdb91030c48cc932756c951b5","","0","0","0","0.00585414","14.7020286546","335.25","","","Stake",""
"0x4e30990d1e506721010d9f5a4286b00c8090f21f64a81e231c8988f86357dd12","10562790","1596137179","2020-07-30 19:26:19","0x5b85988f0032ee818f911ec969dd9c649caa0a14","0xe4ffd96b5e6d2b6cdb91030c48cc932756c951b5","","0","0","0","0.00703437","17.6660464743","335.25","","","Stake",""
"0x8fd5c963e3c63aa24f4fc08884fe69b29c3ddf21aef69f48405e64af91e4cf46","10562796","1596137293","2020-07-30 19:28:13","0x15bdd87fe60e212c150d18d205766bda86350152","0xe4ffd96b5e6d2b6cdb91030c48cc932756c951b5","","0","0","0","0.00547998","13.7623669722","335.25","","","Get Reward",""
"0x589910895123457da85fb72f3f426094a34bbb05d0f492c1c3e8a58e3d61689e","10562808","1596137377","2020-07-30 19:29:37","0xafcfc04a489ecaae659a0b227224401ca0464004","0xe4ffd96b5e6d2b6cdb91030c48cc932756c951b5","","0","0","0","0.00465498","11.6904702222","335.25","","","Get Reward",""
"0x41e40f10b7c6d70d748e8dc88dc74ff077718f2d30f423819961f5dbd0a8ac1e","10562809","1596137420","2020-07-30 19:30:20","0xd965952823153e5cbc611be87e8322cfc329f056","0xe4ffd96b5e6d2b6cdb91030c48cc932756c951b5","","0","0","0","0.00678755","17.0461851945","335.25","","","Stake",""
"0x7bad915f2062d90facf11f06caeece64775ccdd9eee1ec0d613829f38f26c56b","10562809","1596137420","2020-07-30 19:30:20","0x8be8247ef3a329b06cf3ce3d5b8ad3ca3ed642c0","0xe4ffd96b5e6d2b6cdb91030c48cc932756c951b5","","0","0","0","0.006519535","16.37309500365","335.25","","","Exit",""
"0x80efcd851eca6e8d12204154df85b3ad1cd12ddf54c94913529c94390658414d","10562816","1596137522","2020-07-30 19:32:02","0x0573b48cd681560818e1c6f5be2dee53f2807bc6","0xe4ffd96b5e6d2b6cdb91030c48cc932756c951b5","","0","0","0","0.006195695","15.55980646605","335.25","","","Stake",""
"0x15b5c35fa4d96cee661c055ccc0bab593a345ad0e4776fd003c4f14e64738679","10562841","1596137946","2020-07-30 19:39:06","0xafcfc04a489ecaae659a0b227224401ca0464004","0xe4ffd96b5e6d2b6cdb91030c48cc932756c951b5","","0","0","0","0.00465498","11.6904702222","335.25","","","Get Reward",""
"0x9dda9fd37f4d4bb19d5441df9e4336df97a7a7baba27935cb1f02900c2025d47","10562851","1596138056","2020-07-30 19:40:56","0x733428f811d11940ed1168dcc57e21a5660c8f68","0xe4ffd96b5e6d2b6cdb91030c48cc932756c951b5","","0","0","0","0.00691096","17.3561158344","335.25","","","Stake",""
"0x702ae0f4e9b7fe0507b317fc44268282096ba20ddef1fbf7f69780a6a6df1f18","10562881","1596138393","2020-07-30 19:46:33","0x35848fc8cbd1c6032ff441af5520de66eb75bce2","0xe4ffd96b5e6d2b6cdb91030c48cc932756c951b5","","0","0","0","0.006196355","15.56146398345","335.25","","","Stake",""
"0x2d97940abd8ed325a3ac7a8e97518bb4ae21a75ae52595052db12c029e46968e","10562883","1596138418","2020-07-30 19:46:58","0x825e538a8cd4d1ccf42f0974f69003f91fe4c9c3","0xe4ffd96b5e6d2b6cdb91030c48cc932756c951b5","","0","0","0","0.007114184","17.86649055576","335.25","","","Exit",""
"0x8223d4c34bc88b67bb085a7aaebc22e14aac0a0de12d6d9008d1cb589b65fbd3","10562888","1596138497","2020-07-30 19:48:17","0xa914c3f59abc6deae86e39d2ae538c2ffbe95562","0xe4ffd96b5e6d2b6cdb91030c48cc932756c951b5","","0","0","0","0.006196355","15.56146398345","335.25","","","Stake",""
"0xc10f69c2baffc49be4e42fca81b31fff14266f2d12a9cd9e6f3c9d34c75f28d9","10562890","1596138512","2020-07-30 19:48:32","0x6e93ebc8302890ff1d1befd779d1db131ef30d4d","0xe4ffd96b5e6d2b6cdb91030c48cc932756c951b5","","0","0","0","0.00596321","14.9759459619","335.25","","","Stake",""
"0x590a2ac2c629fb457e5ec9d794a011324c8daeac94d62a4940d72351810ec43e","10562902","1596138652","2020-07-30 19:50:52","0xa3953352beab67861e5a7fff47f36611a1ff5335","0xe4ffd96b5e6d2b6cdb91030c48cc932756c951b5","","0","0","0","0.00596321","14.9759459619","335.25","","","Stake",""
"0x1bb8026964144d3ed9cb0eb00ff1b5474ebf4d6ea9d1cf8ae332fd1221acf3cc","10562916","1596138884","2020-07-30 19:54:44","0xdd49f678e116665180863f34debb9c9f2bda2406","0xe4ffd96b5e6d2b6cdb91030c48cc932756c951b5","","0","0","0","0.006911632","17.35780348848","335.25","","","Stake",""
"0xc6d89eff09b87d7951426d1f203a30647e53e48e68b6debbdcf0e15a8565f156","10562920","1596138919","2020-07-30 19:55:19","0x14e56cf9e6257475f9b6310adc98865fc24d6504","0xe4ffd96b5e6d2b6cdb91030c48cc932756c951b5","","0","0","0","0.0056046","14.075336394","335.25","","","Stake",""
"0x0f1a49df9909d58d376e7aed37e76ef166ad692e904dc1fdb5ffbc41b9404c30","10562933","1596139113","2020-07-30 19:58:33","0xafcfc04a489ecaae659a0b227224401ca0464004","0xe4ffd96b5e6d2b6cdb91030c48cc932756c951b5","","0","0","0","0.00465498","11.6904702222","335.25","","","Get Reward",""
"0xe958b823e84cf245d70faded096ef65788d4527cd8aec460ee68e8f2c3b547ee","10562942","1596139196","2020-07-30 19:59:56","0x41bc7d0687e6cea57fa26da78379dfdc5627c56d","0xe4ffd96b5e6d2b6cdb91030c48cc932756c951b5","","0","0","0","0.00617937","15.5188080243","335.25","","","Stake",""
"0x19738cf89f4e0c2da48b0cdb2a5063b0e33e13234a53639d60f399f61d9ae2bf","10562960","1596139540","2020-07-30 20:05:40","0x8be8247ef3a329b06cf3ce3d5b8ad3ca3ed642c0","0xe4ffd96b5e6d2b6cdb91030c48cc932756c951b5","","0","0","0","0.00596255","14.9742884445","335.25","","","Stake",""
"0xaddd26d99cdea7cefe6aa16617af31d8ba0c81d4961f2159f3bf01998986b4b0","10562960","1596139540","2020-07-30 20:05:40","0x8be8247ef3a329b06cf3ce3d5b8ad3ca3ed642c0","0xe4ffd96b5e6d2b6cdb91030c48cc932756c951b5","","0","0","0","0.00327954","8.2362039606","335.25","Error(0)","Reverted","Stake",""
"0xf0dd946a3e64d9e6781c2b774273cf7bdbc54ff07de9c17b8e8fa3db30cddb0f","10562965","1596139616","2020-07-30 20:06:56","0x6f9bb7e454f5b3eb2310343f0e99269dc2bb8a1d","0xe4ffd96b5e6d2b6cdb91030c48cc932756c951b5","","0","0","0","0.0064290358","16.145816217762","335.25","","","Stake",""
"0xa1c0075d8977f5a96235ade5be7db9db518eae8ec9452e6d32e3653a8d38dada","10562967","1596139640","2020-07-30 20:07:20","0x7620fd9b67f62de89334c3ca58212c82260bc666","0xe4ffd96b5e6d2b6cdb91030c48cc932756c951b5","","0","0","0","0.00678821","17.0478427119","335.25","","","Stake",""
"0x6b1e68fb08896828052992e225565fb02ce148f7a41250103e3fd9da6c9a2cc4","10562975","1596139736","2020-07-30 20:08:56","0x35848fc8cbd1c6032ff441af5520de66eb75bce2","0xe4ffd96b5e6d2b6cdb91030c48cc932756c951b5","","0","0","0","0.008594168","21.58330757352","335.25","","","Stake",""
"0xe2c4fea7980afbad272c6e6cef30d8957a7ffcb0a0d68b10a6328a16668eaa86","10562977","1596139783","2020-07-30 20:09:43","0xafcfc04a489ecaae659a0b227224401ca0464004","0xe4ffd96b5e6d2b6cdb91030c48cc932756c951b5","","0","0","0","0.00465498","11.6904702222","335.25","","","Get Reward",""
"0x06d35e8f2dc33447131f99fdda12131344cc3c065033a8b63b51c8b64708cb23","10563020","1596140350","2020-07-30 20:19:10","0xfb5b840a85d41bf28081a31b186fce24eff5ab5f","0xe4ffd96b5e6d2b6cdb91030c48cc932756c951b5","","0","0","0","0.006910288","17.35442818032","335.25","","","Stake",""
"0x29a157264545ae36b28a891be07a9e30d1984cca0eef42bddd746b880cbba27b","10563023","1596140371","2020-07-30 20:19:31","0xafcfc04a489ecaae659a0b227224401ca0464004","0xe4ffd96b5e6d2b6cdb91030c48cc932756c951b5","","0","0","0","0.00465498","11.6904702222","335.25","","","Get Reward",""
"0x160fb5524a0e155da3f1f687845fddb3b05a9883696af4db23e81f4bfd222cd0","10563023","1596140371","2020-07-30 20:19:31","0xafcfc04a489ecaae659a0b227224401ca0464004","0xe4ffd96b5e6d2b6cdb91030c48cc932756c951b5","","0","0","0","0.002850375","7.15840327125","335.25","","","Get Reward",""
"0x9b340c0f36c9637590d8d9cb2fa8d9da1db613ead900132cf5ba6e9a4572b1db","10563026","1596140388","2020-07-30 20:19:48","0xde13608e87cdd70c5b10c0de1bdc467f66d846c4","0xe4ffd96b5e6d2b6cdb91030c48cc932756c951b5","","0","0","0","0.00547998","13.7623669722","335.25","","","Get Reward",""
"0xaf26f959c595e0b02ab6f6e1d62138826c7d42687b9f5575e4b9963c9a32dea9","10563035","1596140482","2020-07-30 20:21:22","0x8be8247ef3a329b06cf3ce3d5b8ad3ca3ed642c0","0xe4ffd96b5e6d2b6cdb91030c48cc932756c951b5","","0","0","0","0.006195695","15.55980646605","335.25","","","Stake",""
"0x54ba76660bbaf6b335c62e771bf5de7ad30bb272176111e3a087164e4b011877","10563043","1596140604","2020-07-30 20:23:24","0x15bdd87fe60e212c150d18d205766bda86350152","0xe4ffd96b5e6d2b6cdb91030c48cc932756c951b5","","0","0","0","0.006197015","15.56312150085","335.25","","","Stake",""
"0x3f66cc2dc5f034f38152a4ff21ac110b38d456551ae8cbfde13f465bbe1d0f9c","10563053","1596140797","2020-07-30 20:26:37","0xeead3e6ac0f1175731a38fbe2726f9dab6c769ae","0xe4ffd96b5e6d2b6cdb91030c48cc932756c951b5","","0","0","0","0.006910288","17.35442818032","335.25","","","Stake",""
"0xf3f10b3b41cd4445279b20a45233d030cde6267e8e5fd13c460db80ffc23ecb0","10563054","1596140803","2020-07-30 20:26:43","0xd965952823153e5cbc611be87e8322cfc329f056","0xe4ffd96b5e6d2b6cdb91030c48cc932756c951b5","","0","0","0","0.006309016","15.84439969224","335.25","","","Stake",""
"0x63daa4320bb37ce0f94be134d8c26306f94a1930bd005ef690f2059b4da92a07","10563081","1596141116","2020-07-30 20:31:56","0x627ad966fd6ba19f039f60bb98ae9995d1d4f91c","0xe4ffd96b5e6d2b6cdb91030c48cc932756c951b5","","0","0","0","0.007035054","17.66776426506","335.25","","","Stake",""
"0x773d86b354284d493b9749d78ff3202a57644ee8ad5c3bbcb60cd9f9b463dec8","10563085","1596141231","2020-07-30 20:33:51","0x9f7610115501abd147d1d82ce92cea2a716690ed","0xe4ffd96b5e6d2b6cdb91030c48cc932756c951b5","","0","0","0","0.007241223","18.18553502997","335.25","","","Exit",""
"0xccc2c694bfeff12300886103a700105860bfe55e72c12f7630a4efcfbf8f4b07","10563089","1596141288","2020-07-30 20:34:48","0x75f58030c190bb4288f56100f0ee49b6eeb4a134","0xe4ffd96b5e6d2b6cdb91030c48cc932756c951b5","","0","0","0","0.00715778","17.9759771142","335.25","","","Stake",""
"0x6aa7a3b79a2c5a52b53acb592b8c618e1d4350e4b31f218272730cdbc13441d7","10563094","1596141388","2020-07-30 20:36:28","0x627ad966fd6ba19f039f60bb98ae9995d1d4f91c","0xe4ffd96b5e6d2b6cdb91030c48cc932756c951b5","","0","0","0","0.006535034","16.41201903726","335.25","","","Stake",""
"0x0be5125ca2d6d9eb4a42eb3da66ccf9c23c0c4df1cd8fa37ace00bd0218cd76d","10563108","1596141555","2020-07-30 20:39:15","0xd578b651f7e088861229cc7e7178e57a5f674d3e","0xe4ffd96b5e6d2b6cdb91030c48cc932756c951b5","","0","0","0","0.007158476","17.97772504164","335.25","","","Stake",""
"0x1f46fa475a4643295a3715d7bc2734233cde46e86c351ef3f0ccbed9331f3668","10563135","1596141959","2020-07-30 20:45:59","0x8bc110db7029197c3621bea8092ab1996d5dd7be","0xe4ffd96b5e6d2b6cdb91030c48cc932756c951b5","","0","0","0","0.01221759","30.6831333501","335.25","","","Stake",""
"0x1f60427db2fd59a00328e57819ee5677ef6bf42d064a987241b6df8f6fadc83b","10563145","1596142002","2020-07-30 20:46:42","0x733428f811d11940ed1168dcc57e21a5660c8f68","0xe4ffd96b5e6d2b6cdb91030c48cc932756c951b5","","0","0","0","0.006347185","15.94025693715","335.25","","","Stake",""
"0x64db32f78b62e2af0486e105c7824b9f816896772ec4ee900f45e8cc4fcfda40","10563161","1596142208","2020-07-30 20:50:08","0xef398a72ca7e9c352d14aa297c5c59f604c43bdc","0xe4ffd96b5e6d2b6cdb91030c48cc932756c951b5","","0","0","0","0.0074046","18.595838394","335.25","","","Stake",""
"0x013db17bc5e8c2e6e67d90b7f6a16a62a9401022cc9a7402742e79fce537265f","10563164","1596142250","2020-07-30 20:50:50","0xc8d6f9665d18163c2b5b4f9c4158f56b96c50f87","0xe4ffd96b5e6d2b6cdb91030c48cc932756c951b5","","0","0","0","0.00678755","17.0461851945","335.25","","","Stake",""
"0x11cd41945eb2169b562a5494b5ea3c4c323e5b998297b1f445d3835a71d6996a","10563170","1596142349","2020-07-30 20:52:29","0xafcfc04a489ecaae659a0b227224401ca0464004","0xe4ffd96b5e6d2b6cdb91030c48cc932756c951b5","","0","0","0","0.00507816","12.7532402424","335.25","","","Get Reward",""
"0xece80604c52668a9fe233c6cc059a7c4a1934e1ecb2fbf790fb7805a6931b620","10563178","1596142506","2020-07-30 20:55:06","0x5b85988f0032ee818f911ec969dd9c649caa0a14","0xe4ffd96b5e6d2b6cdb91030c48cc932756c951b5","","0","0","0","0.007124662","17.89280490018","335.25","","","Exit",""
"0x9886d9d23c6ef7219c8669f5fb92138b3f52ed5edc5d00969b57e2be1ee7686a","10563190","1596142622","2020-07-30 20:57:02","0xfeec32efba1f7ae305ec3ea0b694a5f07b39f390","0xe4ffd96b5e6d2b6cdb91030c48cc932756c951b5","","0","0","0","0.007124662","17.89280490018","335.25","","","Exit",""
"0xfa7e316bcb7c1b64f43c9df579ecbc46a3bbb9c036cda40dd12d717809a51b69","10563198","1596142679","2020-07-30 20:57:59","0x8bc110db7029197c3621bea8092ab1996d5dd7be","0xe4ffd96b5e6d2b6cdb91030c48cc932756c951b5","","0","0","0","0.00647634","16.2646155126","335.25","","","Get Reward",""
"0xb1c39e2696bcbd7bb5802f7a22a6b7cff3cc79551e3a003717e53f57c931a5b0","10563203","1596142784","2020-07-30 20:59:44","0x5efb378b18682bee1acf36f2d04acc93b81e5ad3","0xe4ffd96b5e6d2b6cdb91030c48cc932756c951b5","","0","0","0","0.01654068","41.5400983452","335.25","","","Exit",""
"0xdca5080f978d95cc67d54ab45f54b39e67468bef74b7c3539f3d69f78c95290a","10563205","1596142810","2020-07-30 21:00:10","0x8be8247ef3a329b06cf3ce3d5b8ad3ca3ed642c0","0xe4ffd96b5e6d2b6cdb91030c48cc932756c951b5","","0","0","0","0.006498262","16.31967020418","335.25","","","Exit",""
"0xc952e822e330827b12cd652c740ec51ba304c7460c5c22e04759dcf262e488cb","10563220","1596142923","2020-07-30 21:02:03","0x627ad966fd6ba19f039f60bb98ae9995d1d4f91c","0xe4ffd96b5e6d2b6cdb91030c48cc932756c951b5","","0","0","0","0.005152488","12.93990683832","335.25","","","Get Reward",""
"0x61501c471a9c48eb0ae49b7fe9cfb3a7097667055dbde010809e62088d88d171","10563233","1596143118","2020-07-30 21:05:18","0xbd6f5bdc401ab1ca811e40755f4a2ddad75ce2cc","0xe4ffd96b5e6d2b6cdb91030c48cc932756c951b5","","0","0","0","0.00667087","16.7531562093","335.25","Error(0)","Reverted","Stake",""
"0x5192348806c63fd3a43dede70d9de085eb7aebf2bb607b6fb7574da3e86aeefd","10563233","1596143118","2020-07-30 21:05:18","0xafcfc04a489ecaae659a0b227224401ca0464004","0xe4ffd96b5e6d2b6cdb91030c48cc932756c951b5","","0","0","0","0.004908888","12.32813223432","335.25","","","Get Reward",""
"0xf1c64833158daaba55f78ce2ba642fd4c173ef240dd4a8b1f6f797f8f82e7115","10563246","1596143331","2020-07-30 21:08:51","0x8bc110db7029197c3621bea8092ab1996d5dd7be","0xe4ffd96b5e6d2b6cdb91030c48cc932756c951b5","","0","0","0","0.009913112","24.89569034568","335.25","","","Stake",""
"0x7500d2f33d95894ea8b6e272ecc626e3e56099ff6fe9f318816d821820aad5e5","10563248","1596143356","2020-07-30 21:09:16","0x8bc110db7029197c3621bea8092ab1996d5dd7be","0xe4ffd96b5e6d2b6cdb91030c48cc932756c951b5","","0","0","0","0.005685372","14.27818638708","335.25","","","Get Reward",""
"0x89899e6e66e539884a78d756797f1311cfdf3b4436a2109e4468dc45a4569bff","10563248","1596143356","2020-07-30 21:09:16","0xbd6f5bdc401ab1ca811e40755f4a2ddad75ce2cc","0xe4ffd96b5e6d2b6cdb91030c48cc932756c951b5","","0","0","0","0.006177754","15.51474961806","335.25","Error(0)","Reverted","Stake",""
"0xaab766e620a7fa7768788412be2eb1097ba9688884f8d5e9eef3c7c0619cbc76","10563280","1596143826","2020-07-30 21:17:06","0xfdaf028f781a6eed9f9a39b2a538a3d7a1974e5f","0xe4ffd96b5e6d2b6cdb91030c48cc932756c951b5","","0","0","0","0.006535034","16.41201903726","335.25","","","Stake",""
"0xd0d2dfaff60e29b874efca41a77994a60632d627d09f8bef83919e30def7911b","10563281","1596143831","2020-07-30 21:17:11","0x8bc110db7029197c3621bea8092ab1996d5dd7be","0xe4ffd96b5e6d2b6cdb91030c48cc932756c951b5","","0","0","0","0.006093792","15.30388829088","335.25","","","Get Reward",""
"0x722faa782ab1b5109343a115bef0184c127338f1ab81c26ee8880232fc0c1fa0","10563285","1596143923","2020-07-30 21:18:43","0x14b25601e369b40f5bcd1de0f9a53174e3c59d34","0xe4ffd96b5e6d2b6cdb91030c48cc932756c951b5","","0","0","0","0.006396898","16.06510566822","335.25","","","Stake",""
"0x80dc72d701c7943bb36310eaa7896e482c599dda2ffa33f39c532a34b0ff53ca","10563298","1596144085","2020-07-30 21:21:25","0xafcfc04a489ecaae659a0b227224401ca0464004","0xe4ffd96b5e6d2b6cdb91030c48cc932756c951b5","","0","0","0","0.004908888","12.32813223432","335.25","","","Get Reward",""
"0xb89f28aecbcdaadc948bc70a3fb464cca1033871b2d356094d021b910f2e1577","10563312","1596144363","2020-07-30 21:26:03","0xbd6f5bdc401ab1ca811e40755f4a2ddad75ce2cc","0xe4ffd96b5e6d2b6cdb91030c48cc932756c951b5","","0","0","0","0.007157084","17.97422918676","335.25","","","Stake",""
"0x51ac7f19cae786ce4fed6f207bba84a845599d5f1d239b99114e8b4eba2f5134","10563312","1596144363","2020-07-30 21:26:03","0x92228ffb485fe39e5479837e0697829504527fdf","0xe4ffd96b5e6d2b6cdb91030c48cc932756c951b5","","0","0","0","0.006663968","16.73582259552","335.25","","","Stake",""
"0xf5e58173cd5c1df80a9147d660f0eb554d04fba0edc64dba29754a6ba1083854","10563313","1596144380","2020-07-30 21:26:20","0x8bc110db7029197c3621bea8092ab1996d5dd7be","0xe4ffd96b5e6d2b6cdb91030c48cc932756c951b5","","0","0","0","0.005585976","14.02856426664","335.25","","","Get Reward",""
"0x61fb6aba5cb0f59336edccd1d45b7fe29b78401329e989b08445b075ecdb74f4","10563314","1596144401","2020-07-30 21:26:41","0x75f58030c190bb4288f56100f0ee49b6eeb4a134","0xe4ffd96b5e6d2b6cdb91030c48cc932756c951b5","","0","0","0","0.006309688","15.84608734632","335.25","","","Stake",""
"0x7a57b991ba8de23786a21af8f5ff725349a972e357a9392e371bec45637de77d","10563321","1596144517","2020-07-30 21:28:37","0x3dd48ad861f0b77d1312f9c95a13e52871ca95e0","0xe4ffd96b5e6d2b6cdb91030c48cc932756c951b5","","0","0","0","0.00728119","18.2859077541","335.25","","","Stake",""
"0x8200a5a48468fb0eb2bc3891e3ef1b5a4b4f3581b972e3f2c3997c72d69b7326","10563327","1596144562","2020-07-30 21:29:22","0xc97c2905b706eb7a69094e0d0ed7986b34df9d25","0xe4ffd96b5e6d2b6cdb91030c48cc932756c951b5","","0","0","0","0.00752801","18.9057690339","335.25","","","Stake",""
"0xac00b7dad8b48729cead853a2fd20e27d17fed70e186f38192407aa71b518252","10563327","1596144562","2020-07-30 21:29:22","0xc31db2e710192791b65de43d4b84886a6d770322","0xe4ffd96b5e6d2b6cdb91030c48cc932756c951b5","","0","0","0","0.003771992","9.47294298888","335.25","","","Withdraw",""
"0xc7e04f9d83324341466db87796267af6c37b629f9eb20a7864db6075ec1224c3","10563355","1596144968","2020-07-30 21:36:08","0x22fa8cc33a42320385cbd3690ed60a021891cb32","0xe4ffd96b5e6d2b6cdb91030c48cc932756c951b5","","0","0","0","0.008762962","22.00721513718","335.25","","","Stake",""
"0x40d35948218c4bcaf2024617b800e6983fb2c05d099d4b164186e799b17c4951","10563355","1596144968","2020-07-30 21:36:08","0xf180efe50905a9fc66cccc91a8945805ce8d6570","0xe4ffd96b5e6d2b6cdb91030c48cc932756c951b5","","0","0","0","0.006434848","16.16041291872","335.25","","","Stake",""
"0xb9b4f7cf612587defdeb757860c135677e242c62382948b296b85a381917c563","10563359","1596145025","2020-07-30 21:37:05","0x627ad966fd6ba19f039f60bb98ae9995d1d4f91c","0xe4ffd96b5e6d2b6cdb91030c48cc932756c951b5","","0","0","0","0.006309688","15.84608734632","335.25","","","Stake",""
"0x48086dcd6fb4d6b94eb26100ecb5fa4796110721ae44e7d7de2993d987079ada","10563365","1596145074","2020-07-30 21:37:54","0x8bc110db7029197c3621bea8092ab1996d5dd7be","0xe4ffd96b5e6d2b6cdb91030c48cc932756c951b5","","0","0","0","0.006516972","16.36665831108","335.25","","","Get Reward",""
"0x81e1d4cb284da1bc68d08c365f6b358ef0e9ded3ce0ffef416dc4210332bd0d6","10563376","1596145292","2020-07-30 21:41:32","0xafcfc04a489ecaae659a0b227224401ca0464004","0xe4ffd96b5e6d2b6cdb91030c48cc932756c951b5","","0","0","0","0.006309688","15.84608734632","335.25","","","Stake",""
"0x9cd4e2273b7cb3d6880e27670399f8717c20408d63d10fe37cdd5e463e19e68d","10563397","1596145605","2020-07-30 21:46:45","0xdd49f678e116665180863f34debb9c9f2bda2406","0xe4ffd96b5e6d2b6cdb91030c48cc932756c951b5","","0","0","0","0.006034647","15.15535212933","335.25","","","Withdraw",""
"0xcc78651bc8df6d492fb0571bf3a78978ae056a58e4b6900b6a296807c53d9358","10563400","1596145631","2020-07-30 21:47:11","0x316f99537b4bade5eea51073f1b7c38dfbf69a70","0xe4ffd96b5e6d2b6cdb91030c48cc932756c951b5","","0","0","0","0.008516118","21.38729358402","335.25","","","Stake",""
"0xab78844279c819935d76b6d7b5ce9e258d790f9bb6cf868c623fc9cf67115d1f","10563400","1596145631","2020-07-30 21:47:11","0xc8d6f9665d18163c2b5b4f9c4158f56b96c50f87","0xe4ffd96b5e6d2b6cdb91030c48cc932756c951b5","","0","0","0","0.005833576","14.65038443064","335.25","","","Stake",""
"0xec867b92da4e2f0627f3765e46b4a06f6a07dc67d0b1fdfda3737764f7e113a5","10563410","1596145763","2020-07-30 21:49:23","0x0573b48cd681560818e1c6f5be2dee53f2807bc6","0xe4ffd96b5e6d2b6cdb91030c48cc932756c951b5","","0","0","0","0.005467672","13.73145678408","335.25","","","Stake",""
"0x81aab4cfa243fe00cd334a27fc3b0e90b6b15cc94b204564840bcf1b841437b6","10563421","1596145978","2020-07-30 21:52:58","0x8bc110db7029197c3621bea8092ab1996d5dd7be","0xe4ffd96b5e6d2b6cdb91030c48cc932756c951b5","","0","0","0","0.00592452","14.8787802828","335.25","","","Get Reward",""
"0xbea5fe591db19e35337d9e51e22c87dcbaac5795d4f771430adc8a9302de77a4","10563427","1596146105","2020-07-30 21:55:05","0x5efb378b18682bee1acf36f2d04acc93b81e5ad3","0xe4ffd96b5e6d2b6cdb91030c48cc932756c951b5","","0","0","0","0.01301064","32.6747911896","335.25","","","Stake",""
"0x0c2d0350d9a1f9ee45e7f1ac9476bfc2b632ad9660e2dfb292532abbc1420f23","10563431","1596146137","2020-07-30 21:55:37","0xafcfc04a489ecaae659a0b227224401ca0464004","0xe4ffd96b5e6d2b6cdb91030c48cc932756c951b5","","0","0","0","0.004134816","10.38413555424","335.25","","","Get Reward",""
"0x687345bd63727a9001f72db02c4f538226975296bc6f49be3a18eee45470e1e9","10563434","1596146204","2020-07-30 21:56:44","0xc97c2905b706eb7a69094e0d0ed7986b34df9d25","0xe4ffd96b5e6d2b6cdb91030c48cc932756c951b5","","0","0","0","0.006878984","17.27581162776","335.25","","","Exit",""
"0x0154fe1efec871a8138c535021b279df59e57e8705074a8881b4400f9dfabea1","10563439","1596146259","2020-07-30 21:57:39","0xc97c2905b706eb7a69094e0d0ed7986b34df9d25","0xe4ffd96b5e6d2b6cdb91030c48cc932756c951b5","","0","0","0","0.00607096","15.2465482344","335.25","","","Stake",""
"0x12073069b65dd7d1c321bbe1367b79181f33dad199c59b6fa27601ecef58573e","10563460","1596146494","2020-07-30 22:01:34","0x627ad966fd6ba19f039f60bb98ae9995d1d4f91c","0xe4ffd96b5e6d2b6cdb91030c48cc932756c951b5","","0","0","0","0.004134816","10.38413555424","335.25","","","Get Reward",""
"0x1cdb4c7da38040d7521837ba1f3fa72d9a0f8911eaf7848803b703b49b9778e5","10563476","1596146762","2020-07-30 22:06:02","0xd81a19b8b3be4912018b32ad634c0ca873f45189","0xe4ffd96b5e6d2b6cdb91030c48cc932756c951b5","","0","0","0","0.006421677","16.12733540103","335.25","","","Stake",""
"0xc7b93a8cecdf29ab2f00737e368495f37eef8efa3d85829d37edd1b257076457","10563480","1596146843","2020-07-30 22:07:23","0xc250faac530589cce5a5c22e5f0961fa212542c1","0xe4ffd96b5e6d2b6cdb91030c48cc932756c951b5","","0","0","0","0.01143351","28.7140026789","335.25","","","Exit",""
"0x4c3b8aec7d20e3616f5068812c337eab9644e94ed2b1a5462524f92b2ccb2568","10563490","1596146937","2020-07-30 22:08:57","0x8bc110db7029197c3621bea8092ab1996d5dd7be","0xe4ffd96b5e6d2b6cdb91030c48cc932756c951b5","","0","0","0","0.005585976","14.02856426664","335.25","","","Get Reward",""
"0x5da841c8beda007c4dec1f76e5cc2c546d9a333f0fc4ff3339acaeb81baeef54","10563490","1596146937","2020-07-30 22:08:57","0xa53a13a80d72a855481de5211e7654fabdfe3526","0xe4ffd96b5e6d2b6cdb91030c48cc932756c951b5","","0","0","0","0.00746902","18.7576221378","335.25","","","Stake",""
"0x28ee45b6a6e081dbab7d180d720738c8bdeff04aaf5af6ec9762d0c9a728b31c","10563528","1596147347","2020-07-30 22:15:47","0x733428f811d11940ed1168dcc57e21a5660c8f68","0xe4ffd96b5e6d2b6cdb91030c48cc932756c951b5","","0","0","0","0.007114184","17.86649055576","335.25","","","Exit",""
"0xcedbd19d09fd53b189225808374427ccafb96b6c3a0b2ae80b10570d810fa246","10563539","1596147520","2020-07-30 22:18:40","0x3146a07a380451b71a02979eb7ef723f9a27cffa","0xe4ffd96b5e6d2b6cdb91030c48cc932756c951b5","","0","0","0","0.00678755","17.0461851945","335.25","","","Stake",""
"0xbf278d161a05ef0cc7798cd4984d93480fe5f4e3aa2b28343f6d11cf8a28d238","10563540","1596147564","2020-07-30 22:19:24","0x72eb41ae7f943445da9932662d31a06d56a3cfaa","0xe4ffd96b5e6d2b6cdb91030c48cc932756c951b5","","0","0","0","0.00585414","14.7020286546","335.25","","","Stake",""
"0x7aca66fd861ff1af8b4370599c698f1daed1e487c0d8a3e385213c89429cfa08","10563549","1596147662","2020-07-30 22:21:02","0xa53a13a80d72a855481de5211e7654fabdfe3526","0xe4ffd96b5e6d2b6cdb91030c48cc932756c951b5","","0","0","0","0.008959535","22.50088660365","335.25","","","Exit",""
"0xc7b67f0e1e7b2cfe55995885867c1e6fe6ea0073c794b80ea413aa96ed4b11f9","10563561","1596147749","2020-07-30 22:22:29","0x8bc110db7029197c3621bea8092ab1996d5dd7be","0xe4ffd96b5e6d2b6cdb91030c48cc932756c951b5","","0","0","0","0.006516972","16.36665831108","335.25","","","Get Reward",""
"0x3231ed7d1da24c08ae4af419e388060cc0ff9c43cd05a114666e18b46318d59e","10563567","1596147789","2020-07-30 22:23:09","0x6a6f83f08dc460f1b73677e9cd31e7e0eb62afaa","0xe4ffd96b5e6d2b6cdb91030c48cc932756c951b5","","0","0","0","0.00666414","16.7362545546","335.25","","","Stake",""
"0x2f71d6d5369b61fb3d42484d752acd7c354daee341ef357bf99e8903a457443e","10563569","1596147810","2020-07-30 22:23:30","0x847eaa8e0a808305b00305da61b875dd2ca3fbac","0xe4ffd96b5e6d2b6cdb91030c48cc932756c951b5","","0","0","0","0.00678821","17.0478427119","335.25","","","Stake",""
"0x9e96eabb35e4bb2a8174d0dde0da2569ac7dd9066e32dc2e823facd26bb82666","10563582","1596147986","2020-07-30 22:26:26","0x627ad966fd6ba19f039f60bb98ae9995d1d4f91c","0xe4ffd96b5e6d2b6cdb91030c48cc932756c951b5","","0","0","0","0.005716386","14.35607463654","335.25","","","Withdraw",""
"0x5b4a038a52e5588d80aa8c3ee98fd3fb2dcca7c821e908bafc07994daff4ff17","10563596","1596148171","2020-07-30 22:29:31","0xafcfc04a489ecaae659a0b227224401ca0464004","0xe4ffd96b5e6d2b6cdb91030c48cc932756c951b5","","0","0","0","0.004401072","11.05280821008","335.25","","","Get Reward",""
"0x7f8ebb3fb6c59f3bbcc8d98d12791072b5790d34c40ff992b0f23d1116d3f6dd","10563631","1596148565","2020-07-30 22:36:05","0x316f99537b4bade5eea51073f1b7c38dfbf69a70","0xe4ffd96b5e6d2b6cdb91030c48cc932756c951b5","","0","0","0","0.006177432","15.51394095048","335.25","","","Get Reward",""
"0x6b6becb3c3276c7d47e045f2b7070c310c25c617181a4d99a9acfc36bf8ec02c","10563633","1596148609","2020-07-30 22:36:49","0x627ad966fd6ba19f039f60bb98ae9995d1d4f91c","0xe4ffd96b5e6d2b6cdb91030c48cc932756c951b5","","0","0","0","0.003839472","9.64241158608","335.25","","","Get Reward",""
"0x35641ece92c32d7ce961456ee44e453133bb4dfc700dba86787f8067d574a237","10563650","1596148819","2020-07-30 22:40:19","0xa35dea1466b6cf14a1ac1a1203578908399e560f","0xe4ffd96b5e6d2b6cdb91030c48cc932756c951b5","","0","0","0","0.006541366","16.42792115874","335.25","","","Stake",""
"0xf46027fecb8c08570efeca6546d5ae2847aa56d8067dce171b7c223690a5c813","10563650","1596148819","2020-07-30 22:40:19","0x8878d2a969cd617cee9e0549d7ebaf5288464546","0xe4ffd96b5e6d2b6cdb91030c48cc932756c951b5","","0","0","0","0.00597584","15.0076648176","335.25","","","Stake",""
"0x303cef1e28f2bf5ee0ae424e43bc25d2133fbac9b76feacc321166e4ed521d2e","10563658","1596148925","2020-07-30 22:42:05","0xc97c2905b706eb7a69094e0d0ed7986b34df9d25","0xe4ffd96b5e6d2b6cdb91030c48cc932756c951b5","","0","0","0","0.006387628","16.04182508292","335.25","","","Exit",""
"0x8c1936795e610211b4519d3eb41e94acef7da4d4c5ebfd6e0e2eafaf77bb36ea","10563672","1596149148","2020-07-30 22:45:48","0x8bc110db7029197c3621bea8092ab1996d5dd7be","0xe4ffd96b5e6d2b6cdb91030c48cc932756c951b5","","0","0","0","0.005585976","14.02856426664","335.25","","","Get Reward",""
"0x6852b3d8a363341978f076ce6207d13bc405eeb02285d4cfec0cd242a5ea4914","10563682","1596149268","2020-07-30 22:47:48","0x41bc7d0687e6cea57fa26da78379dfdc5627c56d","0xe4ffd96b5e6d2b6cdb91030c48cc932756c951b5","","0","0","0","0.005380344","13.51214211816","335.25","","","Get Reward",""
"0x0a2110d0839d069900551f2484869080e6e80c2bf44f5213b13134c14988fc7d","10563707","1596149658","2020-07-30 22:54:18","0x14e56cf9e6257475f9b6310adc98865fc24d6504","0xe4ffd96b5e6d2b6cdb91030c48cc932756c951b5","","0","0","0","0.004062528","10.20259219392","335.25","","","Get Reward",""
"0x6bc275eb70c16f9dab08e31e1535afa87352042d148729ccbc9eb712561f07b5","10563712","1596149730","2020-07-30 22:55:30","0xeead3e6ac0f1175731a38fbe2726f9dab6c769ae","0xe4ffd96b5e6d2b6cdb91030c48cc932756c951b5","","0","0","0","0.004088115","10.26685112985","335.25","","","Withdraw",""
"0x401bbc66d0326a9b226d8af3038193b9b559a0f2fffdbf5c472d952f55f3ca98","10563720","1596149902","2020-07-30 22:58:22","0x627ad966fd6ba19f039f60bb98ae9995d1d4f91c","0xe4ffd96b5e6d2b6cdb91030c48cc932756c951b5","","0","0","0","0.00689195","17.3083743105","335.25","","","Exit",""
"0xd63a252f595a0ccf80f2a6869f44f5ccb8ee2368936847b81b3bbbaea58de02d","10563740","1596150164","2020-07-30 23:02:44","0xafcfc04a489ecaae659a0b227224401ca0464004","0xe4ffd96b5e6d2b6cdb91030c48cc932756c951b5","","0","0","0","0.003893256","9.77748418584","335.25","","","Get Reward",""
"0x410c6018ce2f731ee60fa6908aadb84484849420be45dae90629b60575e37dd0","10563769","1596150600","2020-07-30 23:10:00","0x8bc110db7029197c3621bea8092ab1996d5dd7be","0xe4ffd96b5e6d2b6cdb91030c48cc932756c951b5","","0","0","0","0.005585976","14.02856426664","335.25","","","Get Reward",""
"0x037c3ef9e0312a8add754ddc6704d62401f4845444c61f40d9d3193f65733df7","10563782","1596150824","2020-07-30 23:13:44","0x93f5af632ce523286e033f0510e9b3c9710f4489","0xe4ffd96b5e6d2b6cdb91030c48cc932756c951b5","","0","0","0","0.0042318","10.627700202","335.25","","","Get Reward",""
"0xcca7c8f43c1a01ca5f473af8fff17ac5e67674cd42da9f8a047010431abb0ded","10563836","1596151637","2020-07-30 23:27:17","0xa0f75491720835b36edc92d06ddc468d201e9b73","0xe4ffd96b5e6d2b6cdb91030c48cc932756c951b5","","0","0","0","0.0061705","15.496531995","335.25","","","Stake",""
"0x76b5ed9c001a178cfd57d667850663bb6a5bc49ea006056fe8402eccb329be52","10563841","1596151689","2020-07-30 23:28:09","0xe1de283eab72a68f7ff972fca13f8953c6e15e51","0xe4ffd96b5e6d2b6cdb91030c48cc932756c951b5","","0","0","0","0.006047678","15.18807805242","335.25","","","Stake",""
"0xfc3e0cbaa942a9c47e39c67dc435eeeb5461df9b48a02e43b3ff47c672575984","10563913","1596152543","2020-07-30 23:42:23","0x9f7610115501abd147d1d82ce92cea2a716690ed","0xe4ffd96b5e6d2b6cdb91030c48cc932756c951b5","","0","0","0","0.0054205","13.612989495","335.25","","","Stake",""
"0xf307da6d67999d653ab4dbd13583f0976404061727885212e2d9e3386a61712e","10563914","1596152546","2020-07-30 23:42:26","0x8bc110db7029197c3621bea8092ab1996d5dd7be","0xe4ffd96b5e6d2b6cdb91030c48cc932756c951b5","","0","0","0","0.005585976","14.02856426664","335.25","","","Get Reward",""
"0xc5736c33d291bbee648b86a94ffa19aa859fa656be88d641d8f77f731ad1cac3","10563951","1596152940","2020-07-30 23:49:00","0xa0f75491720835b36edc92d06ddc468d201e9b73","0xe4ffd96b5e6d2b6cdb91030c48cc932756c951b5","","0","0","0","0.006754111","16.96220682429","335.25","","","Exit",""
"0xd69570ddd1e7199c9bb7a62a0e7c780024deb9e4394f3723fe7c96a7123f376d","10563954","1596152977","2020-07-30 23:49:37","0xafcfc04a489ecaae659a0b227224401ca0464004","0xe4ffd96b5e6d2b6cdb91030c48cc932756c951b5","","0","0","0","0.004062528","10.20259219392","335.25","","","Get Reward",""
"0xaba7117236a83a9d3938d9e93955a8aa3bc926332f7712c61c36006eafc250a8","10563958","1596153052","2020-07-30 23:50:52","0x15bdd87fe60e212c150d18d205766bda86350152","0xe4ffd96b5e6d2b6cdb91030c48cc932756c951b5","","0","0","0","0.005377872","13.50593396208","335.25","","","Exit",""
"0x63bc7e1d3a4c3fe5654d492565dce711fe2f58c442cfecce35d7800c1a2ffe70","10563997","1596153468","2020-07-30 23:57:48","0xc97c2905b706eb7a69094e0d0ed7986b34df9d25","0xe4ffd96b5e6d2b6cdb91030c48cc932756c951b5","","0","0","0","0.00509527","12.7962101253","335.25","","","Stake",""
"0xc0364767f11376ac52d0387f2caa878d91c9b6135b442c675dadf4eeecc64711","10563998","1596153471","2020-07-30 23:57:51","0xa4ec0b861da15e2ad3496fbd8dbe2bb8d569b760","0xe4ffd96b5e6d2b6cdb91030c48cc932756c951b5","","0","0","0","0.003977892","9.99003818988","335.25","","","Get Reward",""
"0x69a13e510896e430186dc49b40df92ea32122828799e7a3d2a268a6a9adede22","10564000","1596153533","2020-07-30 23:58:53","0x1be178db4f24bce596055a02fd27b6119c7b1918","0xe4ffd96b5e6d2b6cdb91030c48cc932756c951b5","","0","0","0","0.004827606","12.12400143234","335.25","Error(0)","Reverted","Stake",""
"0x6a9eac228e5d9d76147b22491d8ed30ec7186de206e898ab5ff17fb3e030bb1e","10564030","1596153815","2020-07-31 00:03:35","0x8bc110db7029197c3621bea8092ab1996d5dd7be","0xe4ffd96b5e6d2b6cdb91030c48cc932756c951b5","","0","0","0","0.008107374","20.36077798986","346.81","","","Exit",""
"0xede4cb3a621f2cba3cd1cc772705d1739d4d7a44f6025cfd63b813f932c97b7a","10564035","1596153938","2020-07-31 00:05:38","0x3dca07e16b2becd3eb76a9f9ce240b525451f887","0xe4ffd96b5e6d2b6cdb91030c48cc932756c951b5","","0","0","0","0.00950257","23.8646592723","346.81","","","Stake",""
"0x12edf4aada7c4f3dc94a7d912e140625e5d50e832142d57d35b28f58051bce89","10564045","1596154095","2020-07-31 00:08:15","0x1be178db4f24bce596055a02fd27b6119c7b1918","0xe4ffd96b5e6d2b6cdb91030c48cc932756c951b5","","0","0","0","0.00487467","12.2421974913","346.81","","","Stake",""
"0xa5c45b2c9682498a5b5ca8bac83a747d4bfe009f4c6430eda0e8d11c5312f3b9","10564062","1596154352","2020-07-31 00:12:32","0x3dca07e16b2becd3eb76a9f9ce240b525451f887","0xe4ffd96b5e6d2b6cdb91030c48cc932756c951b5","","0","0","0","0.006003","15.07587417","346.81","Error(0)","Out of gas","Exit",""
"0x26b797fd47aee2a6468c3eb69c4a8483766a9408a1a27bbc33c337b739f754da","10564063","1596154441","2020-07-31 00:14:01","0x316f99537b4bade5eea51073f1b7c38dfbf69a70","0xe4ffd96b5e6d2b6cdb91030c48cc932756c951b5","","0","0","0","0.005247432","13.17834825048","346.81","","","Get Reward",""
"0x5e639bf6d286b506d5b605799d11a98baa1cf13d9d655e4b0cbc8085a0f2685d","10564072","1596154584","2020-07-31 00:16:24","0xa0f75491720835b36edc92d06ddc468d201e9b73","0xe4ffd96b5e6d2b6cdb91030c48cc932756c951b5","","0","0","0","0.00487791","12.2503343949","346.81","","","Stake",""
"0xd41dc1587239f167fc6497069c92e73734441fbfb8e57cdefaaf7b283e88b94b","10564083","1596154739","2020-07-31 00:18:59","0xafcfc04a489ecaae659a0b227224401ca0464004","0xe4ffd96b5e6d2b6cdb91030c48cc932756c951b5","","0","0","0","0.00380862","9.5649301818","346.81","","","Get Reward",""
"0x75791dcb4526319f84c4874e0a289ddd69e2e45734562d57219c2982d90159d6","10564116","1596155203","2020-07-31 00:26:43","0x3dca07e16b2becd3eb76a9f9ce240b525451f887","0xe4ffd96b5e6d2b6cdb91030c48cc932756c951b5","","0","0","0","0.006575976","16.51484036664","346.81","","","Get Reward",""
"0xf5a6e81436b67f53cd00ccbd92ee50ce289183241c9fb913dc4505c8be4c75d5","10564130","1596155369","2020-07-31 00:29:29","0x1be178db4f24bce596055a02fd27b6119c7b1918","0xe4ffd96b5e6d2b6cdb91030c48cc932756c951b5","","0","0","0","0.004725672","11.86800540408","346.81","","","Exit",""
"0x8d170aeb0a22fe5ab8c0b29e4e5ac209cd689b0eec84d29b7b3d806254be9bb3","10564145","1596155769","2020-07-31 00:36:09","0x22fa8cc33a42320385cbd3690ed60a021891cb32","0xe4ffd96b5e6d2b6cdb91030c48cc932756c951b5","","0","0","0","0.006009156","15.09133428684","346.81","","","Get Reward",""
"0x86577127dd2676b3fa205672ad022b2fed2d8af6c71eb347bdda9828cd6b49dc","10564175","1596156193","2020-07-31 00:43:13","0xa0f75491720835b36edc92d06ddc468d201e9b73","0xe4ffd96b5e6d2b6cdb91030c48cc932756c951b5","","0","0","0","0.005293939","13.29514546521","346.81","","","Stake",""
"0xc0c994c054af3564d2272499b46ddc6349142be97df0e6e7fc545f0f3bd23e33","10564179","1596156274","2020-07-31 00:44:34","0x93f5af632ce523286e033f0510e9b3c9710f4489","0xe4ffd96b5e6d2b6cdb91030c48cc932756c951b5","","0","0","0","0.005773433","14.49934190187","346.81","","","Exit",""
"0x3b1a5fbf935b2a6fbc114fd9fa24461333c4c0b1f39097cb8914f854cec29041","10564179","1596156274","2020-07-31 00:44:34","0x1be178db4f24bce596055a02fd27b6119c7b1918","0xe4ffd96b5e6d2b6cdb91030c48cc932756c951b5","","0","0","0","0.004595768","11.54176579752","346.81","","","Stake",""
"0x3a65a5cb2a1774a53c2eff9681c7b4c982590d8db74cbfa62f8323135ae695e4","10564190","1596156415","2020-07-31 00:46:55","0xa0f75491720835b36edc92d06ddc468d201e9b73","0xe4ffd96b5e6d2b6cdb91030c48cc932756c951b5","","0","0","0","0.004269245","10.72173920055","346.81","","","Withdraw",""
"0x5128ba5de7a2d5cd9381ddefacb3f086c6dd3e122b7012f5aa70c1bf15881df2","10564201","1596156557","2020-07-31 00:49:17","0xa0f75491720835b36edc92d06ddc468d201e9b73","0xe4ffd96b5e6d2b6cdb91030c48cc932756c951b5","","0","0","0","0.004687152","11.77126666128","346.81","","","Stake",""
"0x7702d86909a8983b44f86752796c73213ddd6f591621934da60a39bde7dbe062","10564209","1596156654","2020-07-31 00:50:54","0x6f9bb7e454f5b3eb2310343f0e99269dc2bb8a1d","0xe4ffd96b5e6d2b6cdb91030c48cc932756c951b5","","0","0","0","0.00380862","9.5649301818","346.81","","","Get Reward",""
"0x076bdd3a9eb7e242bb5189b9ef3c4b3e10740b49bb2a4e44dc450dfa3b00e95f","10564218","1596156750","2020-07-31 00:52:30","0x44d72b5a773332935046c62a34a9f1dc072d9cb7","0xe4ffd96b5e6d2b6cdb91030c48cc932756c951b5","","0","0","0","0.00580027","14.5667400753","346.81","","","Stake",""
"0x96aa1fce515ecde9f1d49459012bb86ee81d82fe59154d000e2cda3f36931a3d","10564280","1596157692","2020-07-31 01:08:12","0x63a3bf655377e20f316261b83737b7aa68ed50b0","0xe4ffd96b5e6d2b6cdb91030c48cc932756c951b5","","0","0","0","0.005799706","14.56532365134","346.81","","","Stake",""
"0x6a4499d9ed4a0b46f8735b9b4a8cbd80cdd44fc6a951e944f719af5b5223c866","10564297","1596157959","2020-07-31 01:12:39","0x8bc110db7029197c3621bea8092ab1996d5dd7be","0xe4ffd96b5e6d2b6cdb91030c48cc932756c951b5","","0","0","0","0.00425205","10.6785558495","346.81","","","Get Reward",""
"0x200964fd3ae8be7e4a95fe50a04ce99c8186dafd3e144f925bda1cccaf579628","10564298","1596157985","2020-07-31 01:13:05","0x3dca07e16b2becd3eb76a9f9ce240b525451f887","0xe4ffd96b5e6d2b6cdb91030c48cc932756c951b5","","0","0","0","0.005585976","14.02856426664","346.81","","","Get Reward",""
"0x544b4087dc402b00250385e7a61c9484fc97b927bb101d6264992a766c740712","10564327","1596158375","2020-07-31 01:19:35","0x44d72b5a773332935046c62a34a9f1dc072d9cb7","0xe4ffd96b5e6d2b6cdb91030c48cc932756c951b5","","0","0","0","0.006019111","15.11633517429","346.81","","","Exit",""
"0x8f76a06e8637632f35a283be7a8470734f19a80456fa6b0ff01a92ef1ea633b6","10564379","1596159043","2020-07-31 01:30:43","0x8003030f5506af9f97f26eac00c0df24c09d9592","0xe4ffd96b5e6d2b6cdb91030c48cc932756c951b5","","0","0","0","0.00604709","15.1866013551","346.81","","","Stake",""
"0x301270b71e635bc304063e02ca0dd39095f02bdee21906dbb85471dc93bab147","10564400","1596159311","2020-07-31 01:35:11","0x5029ddc9cb481fd57c020175e1d2448666807192","0xe4ffd96b5e6d2b6cdb91030c48cc932756c951b5","","0","0","0","0.00604709","15.1866013551","346.81","","","Stake",""
"0x820307bd6f21adde9b92f9f6fb827b3a2f48c3b1456f67493d84c6ada83db1d2","10564411","1596159412","2020-07-31 01:36:52","0xd965952823153e5cbc611be87e8322cfc329f056","0xe4ffd96b5e6d2b6cdb91030c48cc932756c951b5","","0","0","0","0.006162145","15.47554933155","346.81","","","Exit",""
"0x50f4f89d97899bccab85651a66d8ff9a167e7eb3552b203085b0ea62635cd649","10564445","1596160072","2020-07-31 01:47:52","0x92228ffb485fe39e5479837e0697829504527fdf","0xe4ffd96b5e6d2b6cdb91030c48cc932756c951b5","","0","0","0","0.008959535","22.50088660365","346.81","","","Exit",""
"0xeeff2d907439f58c3c69fc13aaa0f3625b4e14450255d252411e1c7733c5e87d","10564447","1596160100","2020-07-31 01:48:20","0x3dca07e16b2becd3eb76a9f9ce240b525451f887","0xe4ffd96b5e6d2b6cdb91030c48cc932756c951b5","","0","0","0","0.004824252","12.11557823028","346.81","","","Get Reward",""
"0x27d1b39bdaf14f974c2b1ae1614fdd1fc4ebc5bba5e05b8043bdbecd91dc23c9","10564570","1596161668","2020-07-31 02:14:28","0x6f9bb7e454f5b3eb2310343f0e99269dc2bb8a1d","0xe4ffd96b5e6d2b6cdb91030c48cc932756c951b5","","0","0","0","0.0055310659","13.890663590601","346.81","","","Stake",""
"0xe4fad66ed197244fb5ce3c1844469ab222224e83c64ba3a70355523e24697430","10564665","1596162901","2020-07-31 02:35:01","0x0000000484f2217f1a64eb6d24b5cee446faeae5","0xe4ffd96b5e6d2b6cdb91030c48cc932756c951b5","","0","0","0","0.00666414018005519","16.7362550067888","346.81","","","Stake",""
"0x8bd9800744ba39d75e0119cf59de2f670cec5d9769eb98e925526ac164344459","10564685","1596163154","2020-07-31 02:39:14","0x6f9bb7e454f5b3eb2310343f0e99269dc2bb8a1d","0xe4ffd96b5e6d2b6cdb91030c48cc932756c951b5","","0","0","0","0.00415032156","10.4230760625684","346.81","","","Get Reward",""
"0x2ec77081848875394bfcb4af7953eefff623ec3e7fc72a3033105f9ce00a7b1a","10564707","1596163434","2020-07-31 02:43:54","0x058b10cbe1872ad139b00326686ee8ccef274c58","0xe4ffd96b5e6d2b6cdb91030c48cc932756c951b5","","0","0","0","0.0051669002","12.976101493278","346.81","","","Stake",""
"0x5ee7e96eb895a698f6a683db4ecfed82a9c5c81ff07296f4b0e1f31241ec1c2b","10564765","1596164203","2020-07-31 02:56:43","0x75f58030c190bb4288f56100f0ee49b6eeb4a134","0xe4ffd96b5e6d2b6cdb91030c48cc932756c951b5","","0","0","0","0.005152488","12.93990683832","346.81","","","Get Reward",""
"0xb521ce66e995b7a76594b1af4832cba2cc88c6acff28bb23be518f6d58956d03","10564766","1596164212","2020-07-31 02:56:52","0x108a8b7200d044bbbe95bef6f671baec5473e05f","0xe4ffd96b5e6d2b6cdb91030c48cc932756c951b5","","0","0","0","0.00715778","17.9759771142","346.81","","","Stake",""
"0xccb4edb2b0bc07bf4930b2c9d3a28b2adca033dfae282c7ff24881c2228c09a6","10564766","1596164212","2020-07-31 02:56:52","0xc97c2905b706eb7a69094e0d0ed7986b34df9d25","0xe4ffd96b5e6d2b6cdb91030c48cc932756c951b5","","0","0","0","0.006631546","16.65439830894","346.81","","","Exit",""
"0xcef591eb58668fbd9ea2d12250e887d356834a008f8f212b869b8a47019874db","10564767","1596164214","2020-07-31 02:56:54","0x3dca07e16b2becd3eb76a9f9ce240b525451f887","0xe4ffd96b5e6d2b6cdb91030c48cc932756c951b5","","0","0","0","0.005585976","14.02856426664","346.81","","","Get Reward",""
"0x7a0127d120eefb05136ede9d02cac2a12f78089923015a6761a0b20f136b7c9e","10564786","1596164520","2020-07-31 03:02:00","0x316f99537b4bade5eea51073f1b7c38dfbf69a70","0xe4ffd96b5e6d2b6cdb91030c48cc932756c951b5","","0","0","0","0.00550134","13.8160102626","346.81","","","Get Reward",""
"0x363ee40a97c20960306051353b5659fbf9a8fb46667133bce9e9881d2ff9ec7d","10564798","1596164674","2020-07-31 03:04:34","0xf85f5637b21dfa62293a77c956e17d299199baa4","0xe4ffd96b5e6d2b6cdb91030c48cc932756c951b5","","0","0","0","0.0065046","16.335587394","346.81","","","Stake",""
"0x467bdba5cd014e254eca2dd5dff983907ac5a36e1677965276676bf6b082e3d4","10564800","1596164703","2020-07-31 03:05:03","0x50b1b62220390b63cdc539ded301fde9ea85ab71","0xe4ffd96b5e6d2b6cdb91030c48cc932756c951b5","","0","0","0","0.0075428192","18.942960710688","346.81","","","Stake",""
"0x08557eedef2c169a97a9241ffd6f9bec37abaa253e54d9aaaa9528c5de5522c3","10564800","1596164703","2020-07-31 03:05:03","0xe1de283eab72a68f7ff972fca13f8953c6e15e51","0xe4ffd96b5e6d2b6cdb91030c48cc932756c951b5","","0","0","0","0.00546804","13.7323809756","346.81","","","Get Reward",""
"0x270f275511fbd01dee487fee9b39371a2c59c05e420cdce9837187e79fddce0d","10564802","1596164708","2020-07-31 03:05:08","0x0000000484f2217f1a64eb6d24b5cee446faeae5","0xe4ffd96b5e6d2b6cdb91030c48cc932756c951b5","","0","0","0","0.008270340525855785","20.770050493229","346.81","","","Exit",""
"0xea1d131c6484b7eca1d06d92971f7b4669bb1ba3aa3ba201d817bdb99d0fe4f9","10564824","1596164968","2020-07-31 03:09:28","0x63a3bf655377e20f316261b83737b7aa68ed50b0","0xe4ffd96b5e6d2b6cdb91030c48cc932756c951b5","","0","0","0","0.00827034","20.7700491726","346.81","","","Exit",""
"0x33049dd14fb3044e44b399cc155afcf28d4c0b51a481772540f0668bca6e549d","10564839","1596165184","2020-07-31 03:13:04","0x0000000484f2217f1a64eb6d24b5cee446faeae5","0xe4ffd96b5e6d2b6cdb91030c48cc932756c951b5","","0","0","0","0.0065046","16.335587394","346.81","","","Stake",""
"0x2f079957b2500460168bb013ab59a20912d5e7de71d3c043f6d7645a1505e6e5","10564846","1596165263","2020-07-31 03:14:23","0xf85f5637b21dfa62293a77c956e17d299199baa4","0xe4ffd96b5e6d2b6cdb91030c48cc932756c951b5","","0","0","0","0.006077796","15.26371609644","346.81","","","Get Reward",""
"0x2ce54599b6223c8e420ed628bca114b023a69e130504e7510ea21bbef01b446b","10564849","1596165295","2020-07-31 03:14:55","0x1be178db4f24bce596055a02fd27b6119c7b1918","0xe4ffd96b5e6d2b6cdb91030c48cc932756c951b5","","0","0","0","0.006077796","15.26371609644","346.81","","","Get Reward",""
"0x4ca8d30e53c78505632efe3f20f77c299e18dd584cae40d0a7b7d5b1b268d17e","10564849","1596165295","2020-07-31 03:14:55","0x6e93ebc8302890ff1d1befd779d1db131ef30d4d","0xe4ffd96b5e6d2b6cdb91030c48cc932756c951b5","","0","0","0","0.00456804","11.4721299756","346.81","","","Get Reward",""
"0x636e4aea449f42bf9977d8ac2f316f9e211553f7fc93daf11161f00ddbf78fce","10564852","1596165344","2020-07-31 03:15:44","0x6ec40ae0b3da2954c28924fce4f59a9594da782c","0xe4ffd96b5e6d2b6cdb91030c48cc932756c951b5","","0","0","0","0.00752801","18.9057690339","346.81","","","Stake",""
"0x4d74222503a70ab9ff6a699fb281928d9ce0841a5fc5b328bcb198b09ace40b6","10564859","1596165449","2020-07-31 03:17:29","0x108a8b7200d044bbbe95bef6f671baec5473e05f","0xe4ffd96b5e6d2b6cdb91030c48cc932756c951b5","","0","0","0","0.005633258","14.14730780862","346.81","","","Withdraw",""
"0x94f57c0384de4ef8d9a6c742a0f845e20b564da8ccd9bd1befc32b285518eb5b","10564861","1596165492","2020-07-31 03:18:12","0x50b1b62220390b63cdc539ded301fde9ea85ab71","0xe4ffd96b5e6d2b6cdb91030c48cc932756c951b5","","0","0","0","0.00608975232","15.2937430789248","346.81","","","Get Reward",""
"0xb1f7a41fb5b7ac02ca708cc56fd892c90ea0c8a0d7c496867d08b7cc4910fb67","10564868","1596165607","2020-07-31 03:20:07","0x3dca07e16b2becd3eb76a9f9ce240b525451f887","0xe4ffd96b5e6d2b6cdb91030c48cc932756c951b5","","0","0","0","0.005585976","14.02856426664","346.81","","","Get Reward",""
"0xfce22a47b529a8a205bfdebbaef036b50c9d0ee79a4eceebb6ef1ed469321194","10564875","1596165730","2020-07-31 03:22:10","0x0000000484f2217f1a64eb6d24b5cee446faeae5","0xe4ffd96b5e6d2b6cdb91030c48cc932756c951b5","","0","0","0","0.00675966","16.9761425274","346.81","","","Stake",""
"0xae4453716ec64da56626253a6624a06a984282adecfcd3dd5ab66decf91dae5e","10564886","1596165887","2020-07-31 03:24:47","0xa04f4b887a03b211507c7648bed452bc78189ccd","0xe4ffd96b5e6d2b6cdb91030c48cc932756c951b5","","0","0","0","0.007650676","19.21383119964","346.81","","","Stake",""
"0x4450025ffc2a229b761aa02d6483dcd82affbf8b0215bfcaa0c0f90b37518263","10564886","1596165887","2020-07-31 03:24:47","0x7a88f9a79dcb96fb441a73a41f6536bf964bb555","0xe4ffd96b5e6d2b6cdb91030c48cc932756c951b5","","0","0","0","0.00712504","17.8937542056","346.81","","","Stake",""
"0xfdc824a1cde5d9020165b56ceae4478efb870d9b2107d8d3a9cbdd303ae75cf0","10564891","1596165961","2020-07-31 03:26:01","0x1be178db4f24bce596055a02fd27b6119c7b1918","0xe4ffd96b5e6d2b6cdb91030c48cc932756c951b5","","0","0","0","0.006985726","17.54388241914","346.81","","","Stake",""
"0xcce7914e4977dc79817326063d3a4e8bda3300bd01cdc8e0aa59c6d0738ec7d2","10564904","1596166070","2020-07-31 03:27:50","0x058b10cbe1872ad139b00326686ee8ccef274c58","0xe4ffd96b5e6d2b6cdb91030c48cc932756c951b5","","0","0","0","0.00597816","15.0134912424","346.81","","","Get Reward",""
"0xb5f462a65ea9c46628c8126f472dad08fa1917053fd6dfa997fe222c760eb33c","10564921","1596166279","2020-07-31 03:31:19","0xb2b4bb2566e59bdebf50e56808336b2fae74d025","0xe4ffd96b5e6d2b6cdb91030c48cc932756c951b5","","0","0","0","0.007652164","19.21756814796","346.81","","","Stake",""
"0x66dde36a145d56c75c73a9c1f404051588ec903b54fdd92fda634939f76d3fd1","10564940","1596166511","2020-07-31 03:35:11","0x50b1b62220390b63cdc539ded301fde9ea85ab71","0xe4ffd96b5e6d2b6cdb91030c48cc932756c951b5","","0","0","0","0.00618938832","15.5439679329648","346.81","","","Get Reward",""
"0x25ac92917d6c43ca8e8ce71392a803310c601142f126a87ae086f6907a946dac","10564941","1596166555","2020-07-31 03:35:55","0x82d751c236cb6c682a54196ef6fc01021a101a1b","0xe4ffd96b5e6d2b6cdb91030c48cc932756c951b5","","0","0","0","0.00765142","19.2156996738","346.81","","","Stake",""
"0xa07d46bb5f8d8af3a0f56672f05bf63a250e46edd1173b8c218c04cb2ccbcad2","10564947","1596166634","2020-07-31 03:37:14","0x62c739355acb578caaf7481ab6e35f2895ecc5e7","0xe4ffd96b5e6d2b6cdb91030c48cc932756c951b5","","0","0","0","0.00740532","18.5976465948","346.81","","","Stake",""
"0x24d04719e068026d10a2ea6922113bbfd4c22236d60743cbd65400fd67e0f0e1","10564955","1596166766","2020-07-31 03:39:26","0xe1de283eab72a68f7ff972fca13f8953c6e15e51","0xe4ffd96b5e6d2b6cdb91030c48cc932756c951b5","","0","0","0","0.006984982","17.54201394498","346.81","","","Stake",""
"0x8546a13d33650e552829fc06868b1a92cead1be2ba05c7fb6183338df3882164","10564966","1596166954","2020-07-31 03:42:34","0x82d751c236cb6c682a54196ef6fc01021a101a1b","0xe4ffd96b5e6d2b6cdb91030c48cc932756c951b5","","0","0","0","0.006984982","17.54201394498","346.81","","","Stake",""
"0xfeced09110e287210011299033ca08852ed578dc669c77e9dd44288543466452","10564972","1596167066","2020-07-31 03:44:26","0xa04f4b887a03b211507c7648bed452bc78189ccd","0xe4ffd96b5e6d2b6cdb91030c48cc932756c951b5","","0","0","0","0.006984982","17.54201394498","346.81","","","Stake",""
"0x38fa65f48f418a1d609703e6d596d9efb7ab34908e29e8c90154eb237395c967","10564978","1596167105","2020-07-31 03:45:05","0x248535910a53b798ed5961396a1b007275728319","0xe4ffd96b5e6d2b6cdb91030c48cc932756c951b5","","0","0","0","0.0112039","28.137362421","346.81","","","Exit",""
"0xc33a3cd3f5bbfe7daf85e2285c8c1885de04da875d002d515768011e2209564f","10564983","1596167226","2020-07-31 03:47:06","0x7a88f9a79dcb96fb441a73a41f6536bf964bb555","0xe4ffd96b5e6d2b6cdb91030c48cc932756c951b5","","0","0","0","0.006177432","15.51394095048","346.81","","","Get Reward",""
"0x0898e2f9c2cdfd184c7af72accc16e727479d29a9a502f9f5ae7063da22274c5","10565005","1596167513","2020-07-31 03:51:53","0x55d04dfdb1f946b7f0771d262a14abcc0bc1ca9b","0xe4ffd96b5e6d2b6cdb91030c48cc932756c951b5","","0","0","0","0.007650676","19.21383119964","346.81","","","Stake",""
"0xe06c583c98f962ee8ab3770bbf0373884d1a8ab049a2b6018f7631ddb5ba03c3","10565005","1596167513","2020-07-31 03:51:53","0x55d04dfdb1f946b7f0771d262a14abcc0bc1ca9b","0xe4ffd96b5e6d2b6cdb91030c48cc932756c951b5","","0","0","0","0.003696192","9.28257962688","346.81","Error(0)","Reverted","Stake",""
"0x4d4527e0b9dd9c7fb2b160045a237b996ad9558d427228a59d47b17cde787c81","10565006","1596167521","2020-07-31 03:52:01","0xcefcca169357a18eb8c3f230f92b58562e48cae5","0xe4ffd96b5e6d2b6cdb91030c48cc932756c951b5","","0","0","0","0.00649956","16.3229299884","346.81","","","Stake",""
"0xaea5fd5fd7022934ad64ad686f81b289aca412924089d3dd59d13f7278047cca","10565023","1596167713","2020-07-31 03:55:13","0x316f99537b4bade5eea51073f1b7c38dfbf69a70","0xe4ffd96b5e6d2b6cdb91030c48cc932756c951b5","","0","0","0","0.006093792","15.30388829088","346.81","","","Get Reward",""
"0x4a11e5d3c55c5822d83dc7f7de96cc23ce5ec2a97c5b1797a4c182d8a47e51a6","10565025","1596167750","2020-07-31 03:55:50","0x6f9bb7e454f5b3eb2310343f0e99269dc2bb8a1d","0xe4ffd96b5e6d2b6cdb91030c48cc932756c951b5","","0","0","0","0.00507816","12.7532402424","346.81","","","Get Reward",""
"0x37fd435f7a60437e2a06e1815568d4f9a42c1ddd308b2072b1b9035403ec3122","10565030","1596167804","2020-07-31 03:56:44","0xc250faac530589cce5a5c22e5f0961fa212542c1","0xe4ffd96b5e6d2b6cdb91030c48cc932756c951b5","","0","0","0","0.00975798","24.5060933922","346.81","","","Stake",""
"0x430830556405de43d8a504d126304d3102307274bff868c316c2dc20380fda02","10565039","1596167880","2020-07-31 03:58:00","0x6ec40ae0b3da2954c28924fce4f59a9594da782c","0xe4ffd96b5e6d2b6cdb91030c48cc932756c951b5","","0","0","0","0.00656177","16.4791635603","346.81","","","Withdraw",""
"0xcad1e59a12eda87361c15998b3cea6f42f3c2a1d2a3ef5c3b1c9710335361242","10565041","1596167905","2020-07-31 03:58:25","0x6ec40ae0b3da2954c28924fce4f59a9594da782c","0xe4ffd96b5e6d2b6cdb91030c48cc932756c951b5","","0","0","0","0.006055726","15.20828971914","346.81","","","Stake",""
"0x1c697ff6f8805de8d4f4bf245844d4f97541fc1969220ab35df33d60c34399ab","10565041","1596167905","2020-07-31 03:58:25","0x058b10cbe1872ad139b00326686ee8ccef274c58","0xe4ffd96b5e6d2b6cdb91030c48cc932756c951b5","","0","0","0","0.0038067","9.560108313","346.81","","","Get Reward",""
"0xad73905818f5b26e93f69ab97ac307459a3ddc4e3af475349f7bb1933fce61c1","10565069","1596168201","2020-07-31 04:03:21","0x007c5bda0c06064984a164794e6c946cd7dd7157","0xe4ffd96b5e6d2b6cdb91030c48cc932756c951b5","","0","0","0","0.007775586","19.52752892454","346.81","","","Stake",""
"0xfcbf01d5e0d80879efdae1b44bc02c2da4e984e4e2141c4d17bee68d58173742","10565106","1596168792","2020-07-31 04:13:12","0xa0f75491720835b36edc92d06ddc468d201e9b73","0xe4ffd96b5e6d2b6cdb91030c48cc932756c951b5","","0","0","0","0.004577832","11.49672150648","346.81","","","Get Reward",""
"0xef976a624007bf4d184e2fbee59faae78f4b2f9e49537ef6389e92e88e705af9","10565113","1596168855","2020-07-31 04:14:15","0x221dba3c5ac8abeff8a20d660c7cdb328ebdd7a3","0xe4ffd96b5e6d2b6cdb91030c48cc932756c951b5","","0","0","0","0.007774074","19.52373170286","346.81","","","Stake",""
"0x1968ba681972ae1c2d5bb03559de350e8eccf8529a71440cda7bcf3f31526d52","10565119","1596168951","2020-07-31 04:15:51","0xd578b651f7e088861229cc7e7178e57a5f674d3e","0xe4ffd96b5e6d2b6cdb91030c48cc932756c951b5","","0","0","0","0.006669117","16.74875374263","346.81","","","Withdraw",""
"0x509bb90a372c2ee5930bc6da9f8cb16b2dc1631e7be01bb2bada24f3651fc356","10565124","1596168986","2020-07-31 04:16:26","0xcefcca169357a18eb8c3f230f92b58562e48cae5","0xe4ffd96b5e6d2b6cdb91030c48cc932756c951b5","","0","0","0","0.005887287","14.78527369893","346.81","","","Stake",""
"0x3899dd51971cf570dc2e592f34b12d85f3b4d01244e35f0af67eeceb8ed0c8e3","10565129","1596169091","2020-07-31 04:18:11","0xbbee065885558fba6a5c0cd8f7b827f631137900","0xe4ffd96b5e6d2b6cdb91030c48cc932756c951b5","","0","0","0","0.00777483","19.5256303137","346.81","","","Stake",""
"0x9768e32753206d975fa0bf8fe5f73133fd78e76d6e7fd7b26d2495f0806e0eba","10565134","1596169140","2020-07-31 04:19:00","0x50b1b62220390b63cdc539ded301fde9ea85ab71","0xe4ffd96b5e6d2b6cdb91030c48cc932756c951b5","","0","0","0","0.00559157232","14.0426188087248","346.81","","","Get Reward",""
"0xe016d9ee5526865d16706008f016e59e772c1fede8af782abcdebad3b12a5494","10565139","1596169184","2020-07-31 04:19:44","0x7a88f9a79dcb96fb441a73a41f6536bf964bb555","0xe4ffd96b5e6d2b6cdb91030c48cc932756c951b5","","0","0","0","0.005332068","13.39090225452","346.81","","","Get Reward",""
"0x05432fe235ef6e754f0f4a1eedb391e8f5d903576063c91c4070ee8f181ce0e1","10565143","1596169230","2020-07-31 04:20:30","0x058b10cbe1872ad139b00326686ee8ccef274c58","0xe4ffd96b5e6d2b6cdb91030c48cc932756c951b5","","0","0","0","0.00477505875","11.9920347941625","346.81","","","Stake",""
"0x16ea472cdb3146fa7630395c0b8d6239d38b4914eb566ab730eadaaa338b8549","10565147","1596169259","2020-07-31 04:20:59","0x7a88f9a79dcb96fb441a73a41f6536bf964bb555","0xe4ffd96b5e6d2b6cdb91030c48cc932756c951b5","","0","0","0","0.006134247","15.40548657333","346.81","Error(0)","Out of gas","Withdraw",""
"0xfc2732af69c262ad9aac360a77a9b7f253478e4fd26119e21aa856a761360916","10565158","1596169372","2020-07-31 04:22:52","0x316f99537b4bade5eea51073f1b7c38dfbf69a70","0xe4ffd96b5e6d2b6cdb91030c48cc932756c951b5","","0","0","0","0.00592452","14.8787802828","346.81","","","Get Reward",""
"0x056144b4fcd768d66affe7ed1c211c77c04a66a788bbfaae8c6314f583c54de4","10565159","1596169442","2020-07-31 04:24:02","0x3dca07e16b2becd3eb76a9f9ce240b525451f887","0xe4ffd96b5e6d2b6cdb91030c48cc932756c951b5","","0","0","0","0.006516972","16.36665831108","346.81","","","Get Reward",""
"0xe1894f2dc7a38b600fa30a3eee5aaae89242a79810a24ac424c3fe8dfbe5d4ec","10565160","1596169456","2020-07-31 04:24:16","0x7a88f9a79dcb96fb441a73a41f6536bf964bb555","0xe4ffd96b5e6d2b6cdb91030c48cc932756c951b5","","0","0","0","0.007738857","19.43528808123","346.81","","","Exit",""
"0x09422678c9ea367e91372ab991a2a51ad658cf7945c9471e9ef39e3caefb70c2","10565160","1596169456","2020-07-31 04:24:16","0xd6b806f51d41947b6c8465363de90941a81fd8bd","0xe4ffd96b5e6d2b6cdb91030c48cc932756c951b5","","0","0","0","0.007238448","18.17856592272","346.81","","","Stake",""
"0x8880b3cd703c2e3435f9b215d1856ea9972cc7466903610cccdc1b6b594dce20","10565168","1596169631","2020-07-31 04:27:11","0xd6b806f51d41947b6c8465363de90941a81fd8bd","0xe4ffd96b5e6d2b6cdb91030c48cc932756c951b5","","0","0","0","0.007097643","17.82494965377","346.81","","","Stake",""
"0x4fcb46c6df698d7c7791a5d2558d5c6f82458c3214dbf711ebe5900cb42674c5","10565174","1596169753","2020-07-31 04:29:13","0x108a8b7200d044bbbe95bef6f671baec5473e05f","0xe4ffd96b5e6d2b6cdb91030c48cc932756c951b5","","0","0","0","0.00682983","17.1523667637","346.81","","","Stake",""
"0x49efb148e85ba81e5557040ccd1fb740b81df677f1e1762b8027a8e8d3698c16","10565182","1596169850","2020-07-31 04:30:50","0x108a8b7200d044bbbe95bef6f671baec5473e05f","0xe4ffd96b5e6d2b6cdb91030c48cc932756c951b5","","0","0","0","0.008003457","20.09980187523","346.81","","","Exit",""
"0x77307c95b8e0af9fedb7a32b257867da3181603f0e79b8f4905ca4d5ca4df5e8","10565184","1596169913","2020-07-31 04:31:53","0xf85f5637b21dfa62293a77c956e17d299199baa4","0xe4ffd96b5e6d2b6cdb91030c48cc932756c951b5","","0","0","0","0.005332068","13.39090225452","346.81","","","Get Reward",""
"0xa7baa518d13fd1df07d74fbc60cc1632930965ff75979e5c5824a6701dba0d3d","10565204","1596170200","2020-07-31 04:36:40","0x108a8b7200d044bbbe95bef6f671baec5473e05f","0xe4ffd96b5e6d2b6cdb91030c48cc932756c951b5","","0","0","0","0.005884074","14.77720460286","346.81","","","Stake",""
"0x65ab26e7c05be24b4d481fbbc86e7cfa9330065da2ef46a2c327323826b5240c","10565211","1596170320","2020-07-31 04:38:40","0x108a8b7200d044bbbe95bef6f671baec5473e05f","0xe4ffd96b5e6d2b6cdb91030c48cc932756c951b5","","0","0","0","0.007098399","17.82684826461","346.81","","","Stake",""
"0x02995ea9de5dcc2f4085f3d727af1dbc8182df97ae582e25aed52589f4d5985e","10565252","1596170894","2020-07-31 04:48:14","0xa4ec0b861da15e2ad3496fbd8dbe2bb8d569b760","0xe4ffd96b5e6d2b6cdb91030c48cc932756c951b5","","0","0","0","0.007738857","19.43528808123","346.81","","","Exit",""
"0xa2e128482ecfa131032653e3337d231af826f82315d303d6b3f95e4545562f04","10565271","1596171088","2020-07-31 04:51:28","0x5d47aa241f7c88b1b9b96f824c206de026b8b03f","0xe4ffd96b5e6d2b6cdb91030c48cc932756c951b5","","0","0","0","0.00789824","19.8355609536","346.81","","","Stake",""
"0x898b6121a818a921fc7d674d535cea7f25b8ea9a8e3bcc433b4888938fffb1f4","10565284","1596171228","2020-07-31 04:53:48","0x82eab62c00161baca05c6bd20c9292d7f1752ce2","0xe4ffd96b5e6d2b6cdb91030c48cc932756c951b5","","0","0","0","0.00863954","21.6972543606","346.81","","","Stake",""
"0xfdbad26f3e3a28f16db7e026afceb65c69f5b77b810fb846b0ce0d0058710039","10565284","1596171228","2020-07-31 04:53:48","0x82d751c236cb6c682a54196ef6fc01021a101a1b","0xe4ffd96b5e6d2b6cdb91030c48cc932756c951b5","","0","0","0","0.007467831","18.75463609509","346.81","","","Exit",""
"0x1f9a2785052bc74f51f8f0123c24bff67ab1b05423589be5365ed268bf3bed20","10565284","1596171228","2020-07-31 04:53:48","0xb270dd05f41a7fd0ffcb3dc26f3f982998a7cfd1","0xe4ffd96b5e6d2b6cdb91030c48cc932756c951b5","","0","0","0","0.00723996","18.1823631444","346.81","","","Stake",""
"0xd70093dd2221401ce66082164abf86cfba93a4d392a333ff1a524458e65e299c","10565284","1596171228","2020-07-31 04:53:48","0x058b10cbe1872ad139b00326686ee8ccef274c58","0xe4ffd96b5e6d2b6cdb91030c48cc932756c951b5","","0","0","0","0.003789372","9.51659094708","346.81","","","Get Reward",""
"0x9af91184c51710adc782a737ca332adaf05b0eb8fa578fcf2f2d2c19e65ccc41","10565337","1596171841","2020-07-31 05:04:01","0x108a8b7200d044bbbe95bef6f671baec5473e05f","0xe4ffd96b5e6d2b6cdb91030c48cc932756c951b5","","0","0","0","0.004651668","11.68215249852","346.81","","","Get Reward",""
"0x8999d76192805054534631a3a8fc10bea33281b1bf6bd383438ce5e161b27873","10565339","1596171859","2020-07-31 05:04:19","0x627ad966fd6ba19f039f60bb98ae9995d1d4f91c","0xe4ffd96b5e6d2b6cdb91030c48cc932756c951b5","","0","0","0","0.006939008","17.42655530112","346.81","","","Stake",""
"0x2f34a5fbb34da273f103bee75c5658511ff782fe7f749348c62c754ba61b61f2","10565346","1596171970","2020-07-31 05:06:10","0x3dca07e16b2becd3eb76a9f9ce240b525451f887","0xe4ffd96b5e6d2b6cdb91030c48cc932756c951b5","","0","0","0","0.006516972","16.36665831108","346.81","","","Get Reward",""
"0xa5e57d1be612584880a974493a21cd5d465f8adb90a0f2b46d996636f0886f64","10565352","1596172093","2020-07-31 05:08:13","0xa66af16184134b48cbf2eb2918ed802ad7d244aa","0xe4ffd96b5e6d2b6cdb91030c48cc932756c951b5","","0","0","0","0.006830586","17.15426537454","346.81","","","Stake",""
"0xef8d880d804a5d4b87ba8642aeddae96bbddade93a9b330a756839b7ae467c3d","10565353","1596172110","2020-07-31 05:08:30","0x316f99537b4bade5eea51073f1b7c38dfbf69a70","0xe4ffd96b5e6d2b6cdb91030c48cc932756c951b5","","0","0","0","0.006009156","15.09133428684","346.81","","","Get Reward",""
"0x353fd4d77de49e124e43430ace405ae06287ae722d79183ee9e2af9bfccab9a1","10565357","1596172219","2020-07-31 05:10:19","0x35848fc8cbd1c6032ff441af5520de66eb75bce2","0xe4ffd96b5e6d2b6cdb91030c48cc932756c951b5","","0","0","0","0.007170496","18.00791194944","346.81","","","Exit",""
"0x73ef9855ea11fbcd048809665b7b89989c3a10d0ed973a5f95a93847ae79ed8c","10565403","1596172734","2020-07-31 05:18:54","0x1f4bdadc7c0643b109756a3887e49629ddd14674","0xe4ffd96b5e6d2b6cdb91030c48cc932756c951b5","","0","0","0","0.008959535","22.50088660365","346.81","","","Exit",""
"0x7d115338b9fa666568e0cd1ae5fd8a89199d0ab978c6b27001d6e0ca51908803","10565460","1596173598","2020-07-31 05:33:18","0x50b1b62220390b63cdc539ded301fde9ea85ab71","0xe4ffd96b5e6d2b6cdb91030c48cc932756c951b5","","0","0","0","0.00542686032","13.6289627390448","346.81","","","Get Reward",""
"0x49710809364cce150d92b66d20f483812d0d5d1226ab3290976d6b8ebd2a6bca","10565470","1596173723","2020-07-31 05:35:23","0x03b9129679cf84e608c072677003a1e65089433c","0xe4ffd96b5e6d2b6cdb91030c48cc932756c951b5","","0","0","0","0.00715778","17.9759771142","346.81","","","Stake",""
"0xf1a9e6dedd785006f2d8ec7e0fa2b01a275169f6419c877d0028f01f3bd20404","10565474","1596173734","2020-07-31 05:35:34","0x108a8b7200d044bbbe95bef6f671baec5473e05f","0xe4ffd96b5e6d2b6cdb91030c48cc932756c951b5","","0","0","0","0.00550134","13.8160102626","346.81","","","Get Reward",""
"0xb6d5b4aa561e55d5bea066ff55900f54b3690b0ef64ce37cb8d5c2f445ab386a","10565481","1596173904","2020-07-31 05:38:24","0x316f99537b4bade5eea51073f1b7c38dfbf69a70","0xe4ffd96b5e6d2b6cdb91030c48cc932756c951b5","","0","0","0","0.005839884","14.66622627876","346.81","","","Get Reward",""
"0x4dc7e2ccbe12962993eed8241fbb6af732f212fe1068e5a5592ed14f480005c4","10565500","1596174119","2020-07-31 05:41:59","0x62c739355acb578caaf7481ab6e35f2895ecc5e7","0xe4ffd96b5e6d2b6cdb91030c48cc932756c951b5","","0","0","0","0.007323745","18.39277995555","346.81","","","Stake",""
"0xff96e7e9504de9fdaad4ebb44ce17a948327c87cfbeeee99329a3776728675ed","10565502","1596174128","2020-07-31 05:42:08","0x26d13c17659e1305344ee31635b5a2b72e94d82e","0xe4ffd96b5e6d2b6cdb91030c48cc932756c951b5","","0","0","0","0.008391064","21.07323421896","346.81","","","Stake",""
"0x0d5f67c7169726a5c77308fcce43dc6ebb0b6fd7a93da259c23f56bb7780f7a1","10565505","1596174216","2020-07-31 05:43:36","0x2a4fdb745cf777529af09733b7b00926635f85db","0xe4ffd96b5e6d2b6cdb91030c48cc932756c951b5","","0","0","0","0.00802165","20.1454915935","346.81","","","Stake",""
"0xe7b6b936703b6b892d86b750fab6e94bbbac0079ab29985baebcfaf1e2618a3a","10565510","1596174275","2020-07-31 05:44:35","0x26d13c17659e1305344ee31635b5a2b72e94d82e","0xe4ffd96b5e6d2b6cdb91030c48cc932756c951b5","","0","0","0","0.007661764","19.24167749196","346.81","","","Stake",""
"0x23f83345270c386bc2a76854c4adbb56a97ca614edd94eded8fae12f4518bee5","10565549","1596174716","2020-07-31 05:51:56","0x1be178db4f24bce596055a02fd27b6119c7b1918","0xe4ffd96b5e6d2b6cdb91030c48cc932756c951b5","","0","0","0","0.004503996","11.31129051444","346.81","","","Get Reward",""
"0x7f20cab4464cff89da17139c35cab5b5d08a4ce76e54e728953c6d978c182cc7","10565557","1596174792","2020-07-31 05:53:12","0x9f7610115501abd147d1d82ce92cea2a716690ed","0xe4ffd96b5e6d2b6cdb91030c48cc932756c951b5","","0","0","0","0.007861696","19.74378471744","346.81","","","Exit",""
"0xf1128b8b4855c42b8685bff39ad5073d3c22acbd4b3ae6638adbdcddbad899ff","10565561","1596174831","2020-07-31 05:53:51","0xd6b806f51d41947b6c8465363de90941a81fd8bd","0xe4ffd96b5e6d2b6cdb91030c48cc932756c951b5","","0","0","0","0.00577434","14.5016197326","346.81","","","Get Reward",""
"0x1a5a9dc509880f36c415fd8cbddda82653ba34e319abcce113a8238d19b97497","10565565","1596174876","2020-07-31 05:54:36","0x316f99537b4bade5eea51073f1b7c38dfbf69a70","0xe4ffd96b5e6d2b6cdb91030c48cc932756c951b5","","0","0","0","0.006178428","15.51644229492","346.81","","","Get Reward",""
"0x4c688706ac187c5e835966ed7b5a5aafc4299f5c950525b54c2bf77a54011e24","10565580","1596175147","2020-07-31 05:59:07","0x108a8b7200d044bbbe95bef6f671baec5473e05f","0xe4ffd96b5e6d2b6cdb91030c48cc932756c951b5","","0","0","0","0.005585976","14.02856426664","346.81","","","Get Reward",""
"0x4edf02accc4bedc25dd42b71f4c72d10933c3826bb2ec4d8808d46b9009d348d","10565591","1596175316","2020-07-31 06:01:56","0xef398a72ca7e9c352d14aa297c5c59f604c43bdc","0xe4ffd96b5e6d2b6cdb91030c48cc932756c951b5","","0","0","0","0.00647634","16.2646155126","346.81","","","Get Reward",""
"0x0ff033e9e9103eeeff8e8223bc40e99781eca230fddd10e7a36a5111bf698336","10565608","1596175735","2020-07-31 06:08:55","0xf85f5637b21dfa62293a77c956e17d299199baa4","0xe4ffd96b5e6d2b6cdb91030c48cc932756c951b5","","0","0","0","0.0057721752","14.496183075528","346.81","","","Get Reward",""
"0x47baf4a9be7a16030b1a576c2237edf62f5d4758e35e4710cc4d205bfab2af38","10565641","1596176211","2020-07-31 06:16:51","0x316f99537b4bade5eea51073f1b7c38dfbf69a70","0xe4ffd96b5e6d2b6cdb91030c48cc932756c951b5","","0","0","0","0.006178428","15.51644229492","346.81","","","Get Reward",""
"0x052d88dc51fbe41436595d63e92dc9886534934099bab08518d5e961c5a12c46","10565647","1596176299","2020-07-31 06:18:19","0x9b588802951e250a4611e2e324f11f1a0cbf7892","0xe4ffd96b5e6d2b6cdb91030c48cc932756c951b5","","0","0","0","0.00987376","24.7968621264","346.81","","","Stake",""
"0xa66491f12b706c98391f4c2bb02d40cc0d5bd7e88fddebe1ab047dc805034b69","10565661","1596176473","2020-07-31 06:21:13","0x50b1b62220390b63cdc539ded301fde9ea85ab71","0xe4ffd96b5e6d2b6cdb91030c48cc932756c951b5","","0","0","0","0.00559613232","14.0540707471248","346.81","","","Get Reward",""
"0x308747d901557087e3bbb76a98d434f1caaebf99972ed4bad0b68d16aa52fda4","10565669","1596176542","2020-07-31 06:22:22","0xef398a72ca7e9c352d14aa297c5c59f604c43bdc","0xe4ffd96b5e6d2b6cdb91030c48cc932756c951b5","","0","0","0","0.00788627","19.8054996153","346.81","","","Stake",""
"0x605f6c8a7989aa82bb8c92a5be6efce9c2d7c28a370ffc1fea997a335e0ef6a8","10565670","1596176557","2020-07-31 06:22:37","0x5a8c9e714082f1af7eb9d12600fbcfb91dfe2258","0xe4ffd96b5e6d2b6cdb91030c48cc932756c951b5","","0","0","0","0.006934783","17.41594467837","346.81","","","Stake",""
"0x89eb80bfe28f3dd18be817122c707bd404f64df32a393106cfbbff1371e8ae74","10565693","1596176956","2020-07-31 06:29:16","0x108a8b7200d044bbbe95bef6f671baec5473e05f","0xe4ffd96b5e6d2b6cdb91030c48cc932756c951b5","","0","0","0","0.006009156","15.09133428684","346.81","","","Get Reward",""
"0xc428b47df1c5099cc9425542da92f2279b7c5d547f7bb16d873b363b4c47b9ad","10565711","1596177293","2020-07-31 06:34:53","0x316f99537b4bade5eea51073f1b7c38dfbf69a70","0xe4ffd96b5e6d2b6cdb91030c48cc932756c951b5","","0","0","0","0.00677088","17.0043203232","346.81","","","Get Reward",""
"0x6f0941909c3957cb3972fa974e51fef8ae352ff8a73fe5029208e3276f0766d6","10565713","1596177306","2020-07-31 06:35:06","0x058b10cbe1872ad139b00326686ee8ccef274c58","0xe4ffd96b5e6d2b6cdb91030c48cc932756c951b5","","0","0","0","0.00677088","17.0043203232","346.81","","","Get Reward",""
"0xf8eeec6ea89ed10c36e8c215093cffaec0d4275b954c7a34de418cab70987222","10565731","1596177513","2020-07-31 06:38:33","0xc8d6f9665d18163c2b5b4f9c4158f56b96c50f87","0xe4ffd96b5e6d2b6cdb91030c48cc932756c951b5","","0","0","0","0.004947012","12.42387646668","346.81","","","Get Reward",""
"0x2089dcc9274f81c68f8f262538f7337f8fd76867d1843e19483e24d1b54cd8e0","10565735","1596177555","2020-07-31 06:39:15","0xbd6f5bdc401ab1ca811e40755f4a2ddad75ce2cc","0xe4ffd96b5e6d2b6cdb91030c48cc932756c951b5","","0","0","0","0.007273428","18.26641434492","346.81","","","Get Reward",""
"0x1994b3171b4b80faf2b318323df404b4212613f110d60036cc4e1d1acf0a996c","10565742","1596177663","2020-07-31 06:41:03","0x007c5bda0c06064984a164794e6c946cd7dd7157","0xe4ffd96b5e6d2b6cdb91030c48cc932756c951b5","","0","0","0","0.008967247","22.52025444333","346.81","","","Exit",""
"0x00b1419660a47aa952ec6ef91638e49de24c075a5cf9c6ec275569648eb44028","10565769","1596177905","2020-07-31 06:45:05","0x91cb8d5a2b0591a2b70dbbf053f4b0029bc9327d","0xe4ffd96b5e6d2b6cdb91030c48cc932756c951b5","","0","0","0","0.00900893","22.6249367127","346.81","","","Stake",""
"0xdbac93e331d745318e8e7c667c0772872a23829c95ce34d710bb5572a0e1c43e","10565769","1596177905","2020-07-31 06:45:05","0x6f9bb7e454f5b3eb2310343f0e99269dc2bb8a1d","0xe4ffd96b5e6d2b6cdb91030c48cc932756c951b5","","0","0","0","0.0052608594","13.212069688566","346.81","","","Get Reward",""
"0xce8cd43624c5eaf175a53bd9b8dc767fb5ba720fcd93379466dfa5d604ef2f6a","10565774","1596177964","2020-07-31 06:46:04","0x8ad022c6c7e40cecda7573607e4a1a98b611b7ef","0xe4ffd96b5e6d2b6cdb91030c48cc932756c951b5","","0","0","0","0.009009806","22.62713669034","346.81","","","Stake",""
"0x2bb2ccd592c6001cc5aca9db0d04493d714d22beac96ba2165a7240906a22631","10565796","1596178276","2020-07-31 06:51:16","0xd578b651f7e088861229cc7e7178e57a5f674d3e","0xe4ffd96b5e6d2b6cdb91030c48cc932756c951b5","","0","0","0","0.010510886","26.39693399154","346.81","","","Exit",""
"0x5b3b0bd68b04ec001efa30873c20707faea9f033a0d69b4f041f97551d7ed8cf","10565797","1596178292","2020-07-31 06:51:32","0x15bdd87fe60e212c150d18d205766bda86350152","0xe4ffd96b5e6d2b6cdb91030c48cc932756c951b5","","0","0","0","0.008023228","20.14945456692","346.81","","","Stake",""
"0xf9e7d3a57a7cdcd7424c31f33ccfbc8c440e84a6ba0f284b1c26a0710337a557","10565797","1596178292","2020-07-31 06:51:32","0x108a8b7200d044bbbe95bef6f671baec5473e05f","0xe4ffd96b5e6d2b6cdb91030c48cc932756c951b5","","0","0","0","0.005633916","14.14896030324","346.81","","","Get Reward",""
"0xc32bd2694b00a2d2b074b308fd7a75d9a0a85c823fcb444c3444f5f2cddb1de0","10565801","1596178332","2020-07-31 06:52:12","0x6ec40ae0b3da2954c28924fce4f59a9594da782c","0xe4ffd96b5e6d2b6cdb91030c48cc932756c951b5","","0","0","0","0.006573864","16.50953631096","346.81","","","Get Reward",""
"0x51dd20c0421398e673e9fcce7aea47e2dff9ac3acf5915184935d4e96ea9c418","10565812","1596178442","2020-07-31 06:54:02","0x50b1b62220390b63cdc539ded301fde9ea85ab71","0xe4ffd96b5e6d2b6cdb91030c48cc932756c951b5","","0","0","0","0.00618858432","15.5419487754048","346.81","","","Get Reward",""
"0x6e48eeefa0152bd707d328755b40db0d8ac7531a8d54ac14d2dcbb8b9117d132","10565823","1596178670","2020-07-31 06:57:50","0xa53a13a80d72a855481de5211e7654fabdfe3526","0xe4ffd96b5e6d2b6cdb91030c48cc932756c951b5","","0","0","0","0.00813075","20.4194842425","346.81","","","Stake",""
"0x091f12377a30d817b44ea90aa144bedf8da799288b5ddd32b618042c47403006","10565830","1596178723","2020-07-31 06:58:43","0x316f99537b4bade5eea51073f1b7c38dfbf69a70","0xe4ffd96b5e6d2b6cdb91030c48cc932756c951b5","","0","0","0","0.006432336","16.15410430704","346.81","","","Get Reward",""
"0x20bba3cb7c4f23391bff782365769e5cd39871e24a9dec066c34c3c4594d14a5","10565851","1596178992","2020-07-31 07:03:12","0x2a4fdb745cf777529af09733b7b00926635f85db","0xe4ffd96b5e6d2b6cdb91030c48cc932756c951b5","","0","0","0","0.009212925","23.13724771575","346.81","","","Exit",""
"0x5fd1cdab615660cd070f47b8a15c3b403415152b7a91b4cbdb8edbafef50c417","10565852","1596179017","2020-07-31 07:03:37","0x44d72b5a773332935046c62a34a9f1dc072d9cb7","0xe4ffd96b5e6d2b6cdb91030c48cc932756c951b5","","0","0","0","0.0086728","21.780783192","346.81","","","Stake",""
"0x0cb30f6eee0bf76fb2f796056a6ec67923f36f04a05fa233f86b213e969caca4","10565853","1596179026","2020-07-31 07:03:46","0x14e56cf9e6257475f9b6310adc98865fc24d6504","0xe4ffd96b5e6d2b6cdb91030c48cc932756c951b5","","0","0","0","0.009458603","23.75424098817","346.81","","","Exit",""
"0x93339bd68def8c48a218fefe4bf6276cbecc05345803b39097d5fb50861e7dfd","10565854","1596179037","2020-07-31 07:03:57","0xafcfc04a489ecaae659a0b227224401ca0464004","0xe4ffd96b5e6d2b6cdb91030c48cc932756c951b5","","0","0","0","0.006263064","15.72899629896","346.81","","","Get Reward",""
"0xfe83ece797b98d0429bcb788d88e68586683cfa7d0b31e2afd2ddc22ec532010","10565933","1596179879","2020-07-31 07:17:59","0x41bc7d0687e6cea57fa26da78379dfdc5627c56d","0xe4ffd96b5e6d2b6cdb91030c48cc932756c951b5","","0","0","0","0.00565664706","14.2060468600134","346.81","","","Get Reward",""
"0x031758147feedeefda88ef47f218fde8cdc4074b9ba1d2df08f8547738e33f29","10565947","1596180077","2020-07-31 07:21:17","0x4cddff23d036e15fe786508ffa39b27f73b4a01a","0xe4ffd96b5e6d2b6cdb91030c48cc932756c951b5","","0","0","0","0.009131452","22.93263723828","346.81","","","Stake",""
"0x4012309580a2fb9cc82c3b296b7731cbef2ac1e30752747902bf589acf823ac9","10565956","1596180219","2020-07-31 07:23:39","0x8474c43970481015019819936793ddc210a0050e","0xe4ffd96b5e6d2b6cdb91030c48cc932756c951b5","","0","0","0","0.009133228","22.93709746692","346.81","","","Stake",""
"0xe1c0ea3465098fa815519bb674815f4df95587fd8947c6de957a4c4263b51f64","10565986","1596180664","2020-07-31 07:31:04","0x108a8b7200d044bbbe95bef6f671baec5473e05f","0xe4ffd96b5e6d2b6cdb91030c48cc932756c951b5","","0","0","0","0.0063477","15.941550303","346.81","","","Get Reward",""
"0xab61fbe9aad04bd697fdcd5e4701b6fc3f50be60e8fa5fd53fa4dc403e0b1290","10565987","1596180670","2020-07-31 07:31:10","0x316f99537b4bade5eea51073f1b7c38dfbf69a70","0xe4ffd96b5e6d2b6cdb91030c48cc932756c951b5","","0","0","0","0.0063477","15.941550303","346.81","","","Get Reward",""
"0xe071ad7d3e4777fdc5432a4a78ecc5e84b1f0fcc2876ab00e2821751795d796a","10565990","1596180723","2020-07-31 07:32:03","0xa04f4b887a03b211507c7648bed452bc78189ccd","0xe4ffd96b5e6d2b6cdb91030c48cc932756c951b5","","0","0","0","0.006812625","17.10915829875","346.81","","","Withdraw",""
"0x7668217b3bfca65e2438926df612376f447939e59115329a9133463f4c0d634b","10565998","1596180815","2020-07-31 07:33:35","0xe44799ef334df157e0f8e2855e5ebebdbc02b299","0xe4ffd96b5e6d2b6cdb91030c48cc932756c951b5","","0","0","0","0.009133228","22.93709746692","346.81","","","Stake",""
"0x4a184b9ff19464090899f11c7041461fe5b4ed5e09ffcff8e0b9d8491cba1f0c","10566020","1596181179","2020-07-31 07:39:39","0x4cddff23d036e15fe786508ffa39b27f73b4a01a","0xe4ffd96b5e6d2b6cdb91030c48cc932756c951b5","","0","0","0","0.00901384","22.6372676376","346.81","","","Stake",""
"0x79d60f169828f89a30df45486a1bf5ffad1116051c22b7bde77ec4c43bca3eb1","10566025","1596181219","2020-07-31 07:40:19","0x44d72b5a773332935046c62a34a9f1dc072d9cb7","0xe4ffd96b5e6d2b6cdb91030c48cc932756c951b5","","0","0","0","0.009090086","22.82875107954","346.81","","","Exit",""
"0xdd9b461880d066611e090f6b88eb641a60f24a75990f6175465066b962d12bc5","10566026","1596181221","2020-07-31 07:40:21","0x91196e5333438dafa6d5a1f3db7c4552c39e52b0","0xe4ffd96b5e6d2b6cdb91030c48cc932756c951b5","","0","0","0","0.0086387","21.695144793","346.81","","","Stake",""
"0x3ae43e460918d7cd73b6a46382f484913d25fb5778c20a016847e3759093bf30","10566085","1596182007","2020-07-31 07:53:27","0x68f593572402632c724bc2d2fca05e91541269f3","0xe4ffd96b5e6d2b6cdb91030c48cc932756c951b5","","0","0","0","0.00925665","23.2470582435","346.81","","","Stake",""
"0xf48bd8ac82609fb38552df45dfe6b9c8dbd432fecc830baf597bbbb648481eec","10566103","1596182281","2020-07-31 07:58:01","0x8878d2a969cd617cee9e0549d7ebaf5288464546","0xe4ffd96b5e6d2b6cdb91030c48cc932756c951b5","","0","0","0","0.0063477","15.941550303","346.81","","","Get Reward",""
"0x4a450ca8fa6764c9dc135c9b231c6e69c1acc84fbf5cfbbf812f0798b7a1cf58","10566106","1596182297","2020-07-31 07:58:17","0x39fcfa14df3992f057fcc22df714bd24c844dc2d","0xe4ffd96b5e6d2b6cdb91030c48cc932756c951b5","","0","0","0","0.00925485","23.2425377415","346.81","","","Stake",""
"0x750fe27111768f902cec38f7b0852b0cbc5693398a529a58212823e4436bc3d5","10566129","1596182482","2020-07-31 08:01:22","0x50b1b62220390b63cdc539ded301fde9ea85ab71","0xe4ffd96b5e6d2b6cdb91030c48cc932756c951b5","","0","0","0","0.00644249232","16.1796107875248","346.81","","","Get Reward",""
"0x7af598f01d5263997f7b7544cfeddcf1e09d6673060fb96902648cc1f3592418","10566148","1596182733","2020-07-31 08:05:33","0x058b10cbe1872ad139b00326686ee8ccef274c58","0xe4ffd96b5e6d2b6cdb91030c48cc932756c951b5","","0","0","0","0.0063477","15.941550303","346.81","","","Get Reward",""
"0x159538b39a7abb0f02682c9a9d333b9328af9c0eee45e9b04f5ed13c73ad7aed","10566149","1596182743","2020-07-31 08:05:43","0x964e2d8eceda7b7bc56606cf19fdd37ce1b1da0b","0xe4ffd96b5e6d2b6cdb91030c48cc932756c951b5","","0","0","0","0.00925485","23.2425377415","346.81","","","Stake",""
"0xa3de272b1143983bca6ce54dfbfda0c65d757436cb5ba04c074ac9386ed73219","10566169","1596182992","2020-07-31 08:09:52","0x316f99537b4bade5eea51073f1b7c38dfbf69a70","0xe4ffd96b5e6d2b6cdb91030c48cc932756c951b5","","0","0","0","0.006601608","16.57921231512","346.81","","","Get Reward",""
"0x75fe3371bedfe5ef68d4d88b78fa8d37a31e8dbd3a85c47d7d66f084aa6c8df2","10566174","1596183071","2020-07-31 08:11:11","0x108a8b7200d044bbbe95bef6f671baec5473e05f","0xe4ffd96b5e6d2b6cdb91030c48cc932756c951b5","","0","0","0","0.006601608","16.57921231512","346.81","","","Get Reward",""
"0x9dbbb36a4483618db6e2b40e67b53032c7223d1fd6a0ef99f1fd173b3fbdb13c","10566187","1596183186","2020-07-31 08:13:06","0x375a76eb73a6af2564c2e0878a04ec297bc4e83e","0xe4ffd96b5e6d2b6cdb91030c48cc932756c951b5","","0","0","0","0.00937916","23.5547286324","346.81","","","Stake",""
"0x8e272d53b142f3e308030f52b829e1401d2b0e3df6927eddb894e4f7e3be990a","10566190","1596183255","2020-07-31 08:14:15","0x5f0fd738109dc22cc8290aff8acd2af22b0b9c4a","0xe4ffd96b5e6d2b6cdb91030c48cc932756c951b5","","0","0","0","0.0110409039","27.728015645421","346.81","","","Exit",""
"0xc586533eae32d38fb564faf73adbbdd31e0867eff99e847c3c6f1a4b847f4a20","10566204","1596183412","2020-07-31 08:16:52","0x55d04dfdb1f946b7f0771d262a14abcc0bc1ca9b","0xe4ffd96b5e6d2b6cdb91030c48cc932756c951b5","","0","0","0","0.00964873","24.2317240347","346.81","","","Exit",""
"0x37467c3b7da199f6e127826041bffe5b35f3dec567291870d0bf98bc49f091f0","10566204","1596183412","2020-07-31 08:16:52","0x55d04dfdb1f946b7f0771d262a14abcc0bc1ca9b","0xe4ffd96b5e6d2b6cdb91030c48cc932756c951b5","","0","0","0","0.003370059","8.46353247201","346.81","Error(0)","Reverted","Exit",""
"0xae62f1eb1df2b74f24f6b4604d0405132fc217d9fa5503b397040209da7061b6","10566204","1596183412","2020-07-31 08:16:52","0x55d04dfdb1f946b7f0771d262a14abcc0bc1ca9b","0xe4ffd96b5e6d2b6cdb91030c48cc932756c951b5","","0","0","0","0.003370059","8.46353247201","346.81","Error(0)","Reverted","Exit",""
"0x7e210169e3aaff68b9e452ec3a343b8306fb04547ce19877978a540f648f6872","10566212","1596183524","2020-07-31 08:18:44","0x8474c43970481015019819936793ddc210a0050e","0xe4ffd96b5e6d2b6cdb91030c48cc932756c951b5","","0","0","0","0.007451299567058964","18.7131192197162","346.81","","","Get Reward",""
"0x9b2e4f0272900596ca96ca7a6be744230824da4d0eaa0ff9f72914d59892685f","10566212","1596183524","2020-07-31 08:18:44","0x1be178db4f24bce596055a02fd27b6119c7b1918","0xe4ffd96b5e6d2b6cdb91030c48cc932756c951b5","","0","0","0","0.005633916","14.14896030324","346.81","","","Get Reward",""
"0xf88a93cc5876a81cea7e6c19e5038739175a5137a3e666392148cd81683b8650","10566241","1596183842","2020-07-31 08:24:02","0x0573b48cd681560818e1c6f5be2dee53f2807bc6","0xe4ffd96b5e6d2b6cdb91030c48cc932756c951b5","","0","0","0","0.006840372","17.17884183708","346.81","","","Get Reward",""
"0x9e448c13b27e0bfe5db7f0dcebf3f5911a8cd37c41e45847cad6ac9407b887a5","10566279","1596184377","2020-07-31 08:32:57","0x6ec40ae0b3da2954c28924fce4f59a9594da782c","0xe4ffd96b5e6d2b6cdb91030c48cc932756c951b5","","0","0","0","0.00649835208","16.3198964301912","346.81","","","Get Reward",""
"0x8979d35ca612f05d3491b04be32ddce34bc7a44e9b5d989ac59c17cd5e8a6eab","10566287","1596184451","2020-07-31 08:34:11","0x316f99537b4bade5eea51073f1b7c38dfbf69a70","0xe4ffd96b5e6d2b6cdb91030c48cc932756c951b5","","0","0","0","0.00677088","17.0043203232","346.81","","","Get Reward",""
"0xc75755c30e9e3d1bad438402984a4f0f6fd9e4552bbd99e559fd9b8948db4175","10566294","1596184554","2020-07-31 08:35:54","0xf78a149be085ff02bc5de35578d52055a47a619e","0xe4ffd96b5e6d2b6cdb91030c48cc932756c951b5","","0","0","0","0.009238202","23.20072812078","346.81","","","Stake",""
"0x3016d514a907575738bc3c2ccd2cccf60100029d5b1bf32c0131c458ceac1e19","10566298","1596184572","2020-07-31 08:36:12","0x50b1b62220390b63cdc539ded301fde9ea85ab71","0xe4ffd96b5e6d2b6cdb91030c48cc932756c951b5","","0","0","0","0.00635700996","15.9649312434444","346.81","","","Get Reward",""
"0x488db6a4651940a38841a6fbaceca2f082d21f9dc4c450d0ab73d6bac25e17c7","10566374","1596185473","2020-07-31 08:51:13","0x0573b48cd681560818e1c6f5be2dee53f2807bc6","0xe4ffd96b5e6d2b6cdb91030c48cc932756c951b5","","0","0","0","0.00901192","22.6324457688","346.81","","","Stake",""
"0xd69dd9676304941c6d3ecf4c43ebcca9ddaedbaea5c0dd9eea9b6ac0f317e70c","10566378","1596185484","2020-07-31 08:51:24","0x627ad966fd6ba19f039f60bb98ae9995d1d4f91c","0xe4ffd96b5e6d2b6cdb91030c48cc932756c951b5","","0","0","0","0.00677088","17.0043203232","346.81","","","Get Reward",""
"0x365efbf3928a7b36435bcbf1598e8e4aa319406b48911b4ae2591b0f046b7171","10566379","1596185487","2020-07-31 08:51:27","0x627ad966fd6ba19f039f60bb98ae9995d1d4f91c","0xe4ffd96b5e6d2b6cdb91030c48cc932756c951b5","","0","0","0","0.00726968","18.2570016552","346.81","","","Withdraw",""
"0x3286cc3ac75e017a84c3119148e0b5d62b6cf32bb81dfaaa7f0d3befe8ad2237","10566380","1596185501","2020-07-31 08:51:41","0xfd26f25d6588b752a90e600aff038a654d64a42c","0xe4ffd96b5e6d2b6cdb91030c48cc932756c951b5","","0","0","0","0.00987376","24.7968621264","346.81","","","Stake",""
"0xf6269087c765ecdcbed5429ad351b95073bcff45924030764b7d547f0ca2aa9e","10566384","1596185559","2020-07-31 08:52:39","0xd81a19b8b3be4912018b32ad634c0ca873f45189","0xe4ffd96b5e6d2b6cdb91030c48cc932756c951b5","","0","0","0","0.00664524","16.6887892836","346.81","","","Get Reward",""
"0x419b45be891bf8dd1826283582f658a618d22720580ecb847e45edb8480e5267","10566394","1596185695","2020-07-31 08:54:55","0x346aa32ffcba1064983b24ce0bc7b4af2e4e9859","0xe4ffd96b5e6d2b6cdb91030c48cc932756c951b5","","0","0","0","0.0101329462","25.447779757218","346.81","","","Stake",""
"0x2647dea7e0c373171cddd9dd4b0ef95f48a0d7ec047f231d41f182ed78e98e14","10566394","1596185695","2020-07-31 08:54:55","0x84740f97aea62c5dc36756dfd9f749412534220e","0xe4ffd96b5e6d2b6cdb91030c48cc932756c951b5","","0","0","0","0.00919264","23.0863041696","346.81","","","Stake",""
"0x824758b18f72fef31bcdc5c7d666d508711963542cfaeb112127498c7bee0789","10566403","1596185915","2020-07-31 08:58:35","0x91cb8d5a2b0591a2b70dbbf053f4b0029bc9327d","0xe4ffd96b5e6d2b6cdb91030c48cc932756c951b5","","0","0","0","0.01102712","27.6933988968","346.81","","","Exit",""
"0x0b3f994d4b91be6d8d18fdbd0263844a36098dfb6710f96d99a4e5280b2fe9df","10566403","1596185915","2020-07-31 08:58:35","0xc8b53a46cfef965c13919797c7aef78ff8146d1b","0xe4ffd96b5e6d2b6cdb91030c48cc932756c951b5","","0","0","0","0.00852104","21.3996546456","346.81","Error(0)","Reverted","Stake",""
"0xcfd6abff79cf19d50215cc33b2d3c571cb81fe77f9a0afc8e2ee260c3435fa53","10566413","1596186007","2020-07-31 09:00:07","0x670e9bf3aa6a024249d0bac4a608eba05c21fbd4","0xe4ffd96b5e6d2b6cdb91030c48cc932756c951b5","","0","0","0","0.00954008","23.9588615112","346.81","","","Stake",""
"0x44cab5f557576dc7c2d3f99fc6c950c6c37ac18bd2e3fc6ffd43e5a99ddbdfd4","10566418","1596186090","2020-07-31 09:01:30","0xc8b53a46cfef965c13919797c7aef78ff8146d1b","0xe4ffd96b5e6d2b6cdb91030c48cc932756c951b5","","0","0","0","0.01357378","34.0890553542","346.81","","","Stake",""
"0x06e5e0cbcf9fc62c35d7c25d23f8fc4a0488cdcba3144744b2bdcff613e31ae7","10566424","1596186149","2020-07-31 09:02:29","0x5e1e164ab21828fcee0bddf0641f05e6da842ff7","0xe4ffd96b5e6d2b6cdb91030c48cc932756c951b5","","0","0","0","0.00781288","19.6211887032","346.81","","","Stake",""
"0xaaf5383676e7f339bae8fa38dfac81052446a68ebe73d1600a7e4ffeea3697ea","10566431","1596186213","2020-07-31 09:03:33","0xc8b53a46cfef965c13919797c7aef78ff8146d1b","0xe4ffd96b5e6d2b6cdb91030c48cc932756c951b5","","0","0","0","0.00999317","25.0967472063","346.81","","","Withdraw",""
"0x115a04a7084c6895f912a0ee9b4d617cbe534ec83bad803b1b5419ea505420c5","10566432","1596186239","2020-07-31 09:03:59","0x847eaa8e0a808305b00305da61b875dd2ca3fbac","0xe4ffd96b5e6d2b6cdb91030c48cc932756c951b5","","0","0","0","0.008170152","20.51843803128","346.81","","","Get Reward",""
"0x0785b631a9de9118b993e4da3ac88fa9601426bfa22e30514d27e020c490fc9c","10566432","1596186239","2020-07-31 09:03:59","0x2bfe66759f0331066f3e7d57b3dc9a96bfc17927","0xe4ffd96b5e6d2b6cdb91030c48cc932756c951b5","","0","0","0","0.0079936","20.075047104","346.81","","","Stake",""
"0x2a4b6eeea53e01921be247f1165fb4de4aa50b2f8160321cb9d7c8615616277a","10566437","1596186297","2020-07-31 09:04:57","0x697e69c7fcd8e7da793b28ba80b7ec1b6800647e","0xe4ffd96b5e6d2b6cdb91030c48cc932756c951b5","","0","0","0","0.009870880180020174","24.7896297753009","346.81","","","Stake",""
"0x2b59cd75ff9507c10f64e1703cbf13413da5bdea048b3f7658fddc37610a19e9","10566437","1596186297","2020-07-31 09:04:57","0xdbd440aa02f05ee4a9730d22474c4027446a8216","0xe4ffd96b5e6d2b6cdb91030c48cc932756c951b5","","0","0","0","0.00919264","23.0863041696","346.81","","","Stake",""
"0x989da964d0587e12533047c2da4d77de0e20786b6e52db19be57399a7d56e0c1","10566439","1596186312","2020-07-31 09:05:12","0x86ecc08f37cc348377e83e5e87642c3d99e58f58","0xe4ffd96b5e6d2b6cdb91030c48cc932756c951b5","","0","0","0","0.0098728","24.794451192","346.81","","","Stake",""
"0x68b8922ea88fe1b58bc7d2dd1a204de27b438fdd65ff46d6c7d5bf9344f18845","10566444","1596186452","2020-07-31 09:07:32","0x697e69c7fcd8e7da793b28ba80b7ec1b6800647e","0xe4ffd96b5e6d2b6cdb91030c48cc932756c951b5","","0","0","0","0.007266800132528265","18.2497691848302","346.81","","","Withdraw",""
"0xc66cca032f7f1b12f0d342bddeeaab92d85d9d0fbf8076ff48ef388de743fe23","10566452","1596186529","2020-07-31 09:08:49","0x316f99537b4bade5eea51073f1b7c38dfbf69a70","0xe4ffd96b5e6d2b6cdb91030c48cc932756c951b5","","0","0","0","0.00677088","17.0043203232","346.81","","","Get Reward",""
"0xea6df5d3169bff3f159057ea5d4ff4b4a822e0a6acf3cf1b79d3254f49e12e50","10566454","1596186537","2020-07-31 09:08:57","0x3dd48ad861f0b77d1312f9c95a13e52871ca95e0","0xe4ffd96b5e6d2b6cdb91030c48cc932756c951b5","","0","0","0","0.008448675","21.21791790825","346.81","","","Stake",""
"0x50a4e8640d91716f0355dfd281022c1cd3396e58aa5f2211a36131e3331f2ac8","10566457","1596186580","2020-07-31 09:09:40","0x058b10cbe1872ad139b00326686ee8ccef274c58","0xe4ffd96b5e6d2b6cdb91030c48cc932756c951b5","","0","0","0","0.00677088","17.0043203232","346.81","","","Get Reward",""
"0x66b39c7061b090a9dfc268ac0e1869e84301ab4d6ff3347f25de8abc1bba94c7","10566457","1596186580","2020-07-31 09:09:40","0x23c98b17743ef687cbab84cef9eca52d4934455a","0xe4ffd96b5e6d2b6cdb91030c48cc932756c951b5","","0","0","0","0.00799456","20.0774580384","346.81","","","Stake",""
"0x6e1685c457da0d7b3823cd1ce9fa269c1076b45c237eecbef575246002417008","10566463","1596186626","2020-07-31 09:10:26","0x697e69c7fcd8e7da793b28ba80b7ec1b6800647e","0xe4ffd96b5e6d2b6cdb91030c48cc932756c951b5","","0","0","0","0.008673760158187698","21.783194523671","346.81","","","Stake",""
"0xb0f14b39b87cf694c2130d0e772b9de4f92e3f40854999f592ecaa377a80835f","10566465","1596186680","2020-07-31 09:11:20","0x4cddff23d036e15fe786508ffa39b27f73b4a01a","0xe4ffd96b5e6d2b6cdb91030c48cc932756c951b5","","0","0","0","0.007910541","19.86645356199","346.81","","","Stake",""
"0x8a86b43182f2f54b5a8f67018dd4d5b8b203b6b8eda8686809670ad63c0a31eb","10566469","1596186759","2020-07-31 09:12:39","0x23c98b17743ef687cbab84cef9eca52d4934455a","0xe4ffd96b5e6d2b6cdb91030c48cc932756c951b5","","0","0","0","0.013449832","33.77777358648","346.81","","","Exit",""
"0x02e621c8da31301213ae766e5fad91ffdb9a495544392f3409e6d0f24f0989dd","10566474","1596186807","2020-07-31 09:13:27","0x23c98b17743ef687cbab84cef9eca52d4934455a","0xe4ffd96b5e6d2b6cdb91030c48cc932756c951b5","","0","0","0","0.00747472","18.7719370608","346.81","","","Stake",""
"0x7fb26d1801e8f4f452d562ff73d18fe8655b542d13c62be10d5457f788685c56","10566476","1596186818","2020-07-31 09:13:38","0xc8b53a46cfef965c13919797c7aef78ff8146d1b","0xe4ffd96b5e6d2b6cdb91030c48cc932756c951b5","","0","0","0","0.00867376","21.7831941264","346.81","","","Stake",""
"0x0aa2aec386f253d44ce69d7d55f1e55b2a71ad3c02a8f4586acba5a07dc7622d","10566487","1596186965","2020-07-31 09:16:05","0x3dd48ad861f0b77d1312f9c95a13e52871ca95e0","0xe4ffd96b5e6d2b6cdb91030c48cc932756c951b5","","0","0","0","0.007325475","18.39712466025","346.81","","","Stake",""
"0x5c795d8a5f3022aaeeee256220543db0a2dd54f4ff97cbb507391efeb465f9ec","10566504","1596187191","2020-07-31 09:19:51","0xa608c8880ed69ae525ca4cc97e5e09d823f6b1c4","0xe4ffd96b5e6d2b6cdb91030c48cc932756c951b5","","0","0","0","0.01481064","37.1952931896","346.81","","","Stake",""
"0xa8a23518c474e4abbdc38fefd7961e7fdbc5b1b06a623706cf67a260985df1de","10566510","1596187285","2020-07-31 09:21:25","0x35848fc8cbd1c6032ff441af5520de66eb75bce2","0xe4ffd96b5e6d2b6cdb91030c48cc932756c951b5","","0","0","0","0.0086728","21.780783192","346.81","","","Stake",""
"0x0e413d9301db73622adc08cb3cfc63382265b8b66bb2986530bf15f34f291f36","10566511","1596187290","2020-07-31 09:21:30","0x5398850a9399da87624874704feaa8a9c6c4089b","0xe4ffd96b5e6d2b6cdb91030c48cc932756c951b5","","0","0","0","0.00987376","24.7968621264","346.81","","","Stake",""
"0xebcab2373abc940b6ddece58ffcefcec73700dff12ff39388a75b452312c14de","10566514","1596187334","2020-07-31 09:22:14","0x3dd48ad861f0b77d1312f9c95a13e52871ca95e0","0xe4ffd96b5e6d2b6cdb91030c48cc932756c951b5","","0","0","0","0.005685372","14.27818638708","346.81","","","Get Reward",""
"0x1bbf2829e7cfd80de883aa168858ced578de423079806d8efee307bf30cba7db","10566532","1596187611","2020-07-31 09:26:51","0xfd26f25d6588b752a90e600aff038a654d64a42c","0xe4ffd96b5e6d2b6cdb91030c48cc932756c951b5","","0","0","0","0.00901384","22.6372676376","346.81","","","Stake",""
"0x84400a34b7fccabba48e7c7c22b86084d09671df4ee381e2b5b812807e56959b","10566537","1596187671","2020-07-31 09:27:51","0xe44799ef334df157e0f8e2855e5ebebdbc02b299","0xe4ffd96b5e6d2b6cdb91030c48cc932756c951b5","","0","0","0","0.01102712","27.6933988968","346.81","","","Exit",""
"0xc094eb3d703cecdc303f5a0a16ce4d6a948607e168ba6ec033a619363d393961","10566538","1596187679","2020-07-31 09:27:59","0x670e9bf3aa6a024249d0bac4a608eba05c21fbd4","0xe4ffd96b5e6d2b6cdb91030c48cc932756c951b5","","0","0","0","0.00781288","19.6211887032","346.81","","","Stake",""
"0x8fdb0e304be127f7dfd5bcd253bc79e290c8cec6cf4cb3bc84e9973392766441","10566545","1596187763","2020-07-31 09:29:23","0x346aa32ffcba1064983b24ce0bc7b4af2e4e9859","0xe4ffd96b5e6d2b6cdb91030c48cc932756c951b5","","0","0","0","0.0092494681","23.229021691659","346.81","","","Stake",""
"0xa7c3f753b98f71b079fa6e841a0ad5d7fbaa85d6b7439cf518df2cff4a552adf","10566548","1596187808","2020-07-31 09:30:08","0x8003030f5506af9f97f26eac00c0df24c09d9592","0xe4ffd96b5e6d2b6cdb91030c48cc932756c951b5","","0","0","0","0.008070516","20.26821317724","346.81","","","Get Reward",""
"0xe6edbe075692935376287e71f4e20bfcd729ba765e276c421414348a109df689","10566553","1596187858","2020-07-31 09:30:58","0xf5dcb2a47f738d8ba39f9fa2ddc7592f268a262a","0xe4ffd96b5e6d2b6cdb91030c48cc932756c951b5","","0","0","0","0.0098728","24.794451192","346.81","","","Stake",""
"0x9f27610dd8e345f209b5a9a8337256e7f79a7b7f32fcbc997c707ca81aad318a","10566557","1596187909","2020-07-31 09:31:49","0x50b1b62220390b63cdc539ded301fde9ea85ab71","0xe4ffd96b5e6d2b6cdb91030c48cc932756c951b5","","0","0","0","0.00686567232","17.2423808077248","346.81","","","Get Reward",""
"0xfc1629eb3268530e5fe0766708c8f40c21f05ed589a7fd809f6447195e4b9120","10566557","1596187909","2020-07-31 09:31:49","0xafcfc04a489ecaae659a0b227224401ca0464004","0xe4ffd96b5e6d2b6cdb91030c48cc932756c951b5","","0","0","0","0.006166854","15.48737546706","346.81","","","Get Reward",""
"0x26dac560db2e71d58ab55d73f50cc204a0f268435dd6e953ee883933dea08ba3","10566560","1596187972","2020-07-31 09:32:52","0xa53a13a80d72a855481de5211e7654fabdfe3526","0xe4ffd96b5e6d2b6cdb91030c48cc932756c951b5","","0","0","0","0.00719406","18.0670903434","346.81","","","Get Reward",""
"0xe48fb95bd7e2b8b7136c02fe451b5b0ead21410df620ccd278ae28435abb6528","10566569","1596188093","2020-07-31 09:34:53","0xa04f4b887a03b211507c7648bed452bc78189ccd","0xe4ffd96b5e6d2b6cdb91030c48cc932756c951b5","","0","0","0","0.010544237","26.48069135943","346.81","","","Exit",""
"0xb6507e1a3f289d8af418bc8c3ec9dff289181891fd59c097744b39ac0809ed4b","10566576","1596188189","2020-07-31 09:36:29","0x62c66180c21723d2ebe5c9be61307dd2061c6f2d","0xe4ffd96b5e6d2b6cdb91030c48cc932756c951b5","","0","0","0","0.009997182","25.10682290298","346.81","","","Stake",""
"0x0ea5aecd3b143a3ce9569753e7ddb189e9519b6944acd6187a4d200b7e9bfc2a","10566577","1596188205","2020-07-31 09:36:45","0xf85f5637b21dfa62293a77c956e17d299199baa4","0xe4ffd96b5e6d2b6cdb91030c48cc932756c951b5","","0","0","0","0.006897834","17.32315132926","346.81","","","Get Reward",""
"0x89e3347ba6fbb03a20f317ccbeb34b27de37613cb8b12ae4f164e229bf2f80cf","10566580","1596188235","2020-07-31 09:37:15","0x5ebef435b9538053b56e13b0c5f0b03513728a23","0xe4ffd96b5e6d2b6cdb91030c48cc932756c951b5","","0","0","0","0.01354975","34.0287066525","346.81","","","Stake",""
"0x884ed3c6ed87bce99b0629ee8e2b7ea7baffa2b85c1b135e5fa3ffc57577a4eb","10566589","1596188411","2020-07-31 09:40:11","0x5ebef435b9538053b56e13b0c5f0b03513728a23","0xe4ffd96b5e6d2b6cdb91030c48cc932756c951b5","","0","0","0","0.01181011","29.6597921529","346.81","","","Withdraw",""
"0x36bf66576b0560bb8c1d3e5451f05a011b5e1b4c65147c0257d1a9786a4fc221","10566592","1596188497","2020-07-31 09:41:37","0x0000000484f2217f1a64eb6d24b5cee446faeae5","0xe4ffd96b5e6d2b6cdb91030c48cc932756c951b5","","0","0","0","0.006571404","16.50335829156","346.81","","","Get Reward",""
"0xb00c0750f0982306e647a4157d29ca6f13bc017bd43ce1eddaeb06bd719bbd1b","10566597","1596188549","2020-07-31 09:42:29","0x5ebef435b9538053b56e13b0c5f0b03513728a23","0xe4ffd96b5e6d2b6cdb91030c48cc932756c951b5","","0","0","0","0.01019642","25.6071872238","346.81","","","Stake",""
"0xb216eef9a9fd78fd341697d9bd7adbb6e82d346672e64262d28de62e40d9f987","10566605","1596188688","2020-07-31 09:44:48","0x5e8d405cbc564473d85a9a31fbfca76167d69978","0xe4ffd96b5e6d2b6cdb91030c48cc932756c951b5","","0","0","0","0.0111326644","27.958462047516","346.81","","","Stake",""
"0xc567d5fc8b026666c6c985be57ae7092b4ba9cebd7e8acccee3723fcf6cec258","10566610","1596188780","2020-07-31 09:46:20","0x7d480d5fa0e8ab1232c02daf9aba33fd812987fa","0xe4ffd96b5e6d2b6cdb91030c48cc932756c951b5","","0","0","0","0.01024303","25.7242431117","346.81","","","Stake",""
"0x691fe0791f5a0da0ee9d9ed648c53500c8f21fe18dcea0092f31f20ea4b2452b","10566611","1596188781","2020-07-31 09:46:21","0x8003030f5506af9f97f26eac00c0df24c09d9592","0xe4ffd96b5e6d2b6cdb91030c48cc932756c951b5","","0","0","0","0.010195637","25.60522080543","346.81","","","Exit",""
"0xb7194369a2b0e1078c997480730311b3a8e49e08be8862f66381e9c732ca0bfd","10566616","1596188850","2020-07-31 09:47:30","0xbbee065885558fba6a5c0cd8f7b827f631137900","0xe4ffd96b5e6d2b6cdb91030c48cc932756c951b5","","0","0","0","0.009464532","23.76913101948","346.81","","","Stake",""
"0x1c86b954b26d3a0f971c64f24013aa5eb8d81acfff5907a7b129fbb447da1e01","10566627","1596188970","2020-07-31 09:49:30","0x244505cd66dc4cc15e58b61e0cd068d464229010","0xe4ffd96b5e6d2b6cdb91030c48cc932756c951b5","","0","0","0","0.01121208","28.1579055912","346.81","","","Stake",""
"0x549b095b10bdb8b9e5b72c999ba20fbf1fb4dd2e1b3a0713cb6fa290c30133b8","10566658","1596189386","2020-07-31 09:56:26","0x108a8b7200d044bbbe95bef6f671baec5473e05f","0xe4ffd96b5e6d2b6cdb91030c48cc932756c951b5","","0","0","0","0.009576185","24.04953524715","346.81","","","Stake",""
"0x157091d01b2ae7dd52b2e8831f25cb26bc83f672823e6f08a05edee583aa05f9","10566659","1596189389","2020-07-31 09:56:29","0xc4ed448e7d7bdd954e943954459017be63584f69","0xe4ffd96b5e6d2b6cdb91030c48cc932756c951b5","","0","0","0","0.01036644","26.0341737516","346.81","","","Stake",""
"0xcb84a245c6beb213c38bd1b5068b12d32d110a9322b34fa9417364ac9c9a8613","10566661","1596189437","2020-07-31 09:57:17","0x2b39c6ed2a2cfe57cc862a0b51c3fbcd3f9c9e8a","0xe4ffd96b5e6d2b6cdb91030c48cc932756c951b5","","0","0","0","0.01121208","28.1579055912","346.81","","","Stake",""
"0x86ca43572dfe09fa324c90de82ec8936e5677223c46c63aee48471665f06ec9c","10566663","1596189466","2020-07-31 09:57:46","0x108a8b7200d044bbbe95bef6f671baec5473e05f","0xe4ffd96b5e6d2b6cdb91030c48cc932756c951b5","","0","0","0","0.00627606","15.7616343234","346.81","","","Get Reward",""
"0xfca5ee8ff99474aa4a97f3df8374aa97e21e4bdd9fd72471cc2b3aa0f05191fa","10566663","1596189466","2020-07-31 09:57:46","0xedc63f732d61df2556fd3ae84f911a84ac64b4ba","0xe4ffd96b5e6d2b6cdb91030c48cc932756c951b5","","0","0","0","0.009652272","24.24061937808","346.81","","","Stake",""
"0x8ab55f9cf30499281a1ffba8ad28e799b24b34c626b0827acb8d96081c69f630","10566677","1596189716","2020-07-31 10:01:56","0x6e93ebc8302890ff1d1befd779d1db131ef30d4d","0xe4ffd96b5e6d2b6cdb91030c48cc932756c951b5","","0","0","0","0.00719406","18.0670903434","346.81","","","Get Reward",""
"0x8beb5306fb3658cfdd6014cfe98fd877498a69586ef514c83a7f6f6b3282770e","10566686","1596189785","2020-07-31 10:03:05","0xd6b806f51d41947b6c8465363de90941a81fd8bd","0xe4ffd96b5e6d2b6cdb91030c48cc932756c951b5","","0","0","0","0.009576185","24.04953524715","346.81","","","Stake",""
"0xc0f8bb52c247c8a2892d1b65248074980c9ea7b814d103a79d24bb7ca1c3212d","10566688","1596189792","2020-07-31 10:03:12","0x4ffd288f35241f0c321c92bf17a933dbfed3f714","0xe4ffd96b5e6d2b6cdb91030c48cc932756c951b5","","0","0","0","0.012218778","30.68611688142","346.81","","","Stake",""
"0xae51ac7ed4787a4cfa4854071da154c9e9f6601335e0f6fc69e31cc6a713e4eb","10566695","1596189871","2020-07-31 10:04:31","0xd4f73bc9153dcbd551d5471bdbf13a9120f60d83","0xe4ffd96b5e6d2b6cdb91030c48cc932756c951b5","","0","0","0","0.01167925","29.3311516575","346.81","","","Stake",""
"0x0a002e056b59e79c9efd7c7acea7949d0c80fd0c92567eafb4a4d08c8ea3a43d","10566708","1596190094","2020-07-31 10:08:14","0xd6b806f51d41947b6c8465363de90941a81fd8bd","0xe4ffd96b5e6d2b6cdb91030c48cc932756c951b5","","0","0","0","0.006349896","15.94706531544","346.81","","","Get Reward",""
"0xf4c3933feb32cd06359b53c03b6d7a4b026866d3df60935ee5902e8db155a061","10566708","1596190094","2020-07-31 10:08:14","0xfbb91c8a81c57598eae29d25e9665128a9edd280","0xe4ffd96b5e6d2b6cdb91030c48cc932756c951b5","","0","0","0","0.00976718","24.5291981802","346.81","","","Stake",""
"0x58c34478ef17ce8788f31e361961b3b149551d8044d5dbc90a1306816c26bf41","10566732","1596190385","2020-07-31 10:13:05","0x3dca07e16b2becd3eb76a9f9ce240b525451f887","0xe4ffd96b5e6d2b6cdb91030c48cc932756c951b5","","0","0","0","0.00804042","20.1926303838","346.81","","","Get Reward",""
"0x9d24a3da75d74300ffd5959fa60e14a8ef01b8f9ffe22ffc190ea7903fbfe340","10566767","1596190772","2020-07-31 10:19:32","0x4cddff23d036e15fe786508ffa39b27f73b4a01a","0xe4ffd96b5e6d2b6cdb91030c48cc932756c951b5","","0","0","0","0.006497568","16.31792729952","346.81","","","Get Reward",""
"0xe13263ade59e23a5dae935af58ba6021881a134b2b821d314dbcff93ab02ff82","10566794","1596191170","2020-07-31 10:26:10","0x375a76eb73a6af2564c2e0878a04ec297bc4e83e","0xe4ffd96b5e6d2b6cdb91030c48cc932756c951b5","","0","0","0","0.010441315","26.22221407785","346.81","","","Exit",""
"0xae93bbb6e7b79ac05e936d187a719616253174335440005d134e5db7ea5984c2","10566797","1596191242","2020-07-31 10:27:22","0x108a8b7200d044bbbe95bef6f671baec5473e05f","0xe4ffd96b5e6d2b6cdb91030c48cc932756c951b5","","0","0","0","0.007278696","18.27964434744","346.81","","","Get Reward",""
"0x50975958c39fb1bbaa9f053a757a7e86c0e89239256ea483606047ee31f4378d","10566798","1596191256","2020-07-31 10:27:36","0x57099da19e52784823c0aab1e8d8124e964c4282","0xe4ffd96b5e6d2b6cdb91030c48cc932756c951b5","","0","0","0","0.01049087","26.3466660093","346.81","","","Stake",""
"0xeddbd69b1616b0d9fb60612f3180cce8a536e92fda23f081854a158a38d72914","10566801","1596191274","2020-07-31 10:27:54","0x058b10cbe1872ad139b00326686ee8ccef274c58","0xe4ffd96b5e6d2b6cdb91030c48cc932756c951b5","","0","0","0","0.00719406","18.0670903434","346.81","","","Get Reward",""
"0x12992647870396e9522b2ab838c3385515a1835514f68ab0f8d9fbb5fbb59970","10566808","1596191326","2020-07-31 10:28:46","0x5ebef435b9538053b56e13b0c5f0b03513728a23","0xe4ffd96b5e6d2b6cdb91030c48cc932756c951b5","","0","0","0","0.00879905","22.0978461795","346.81","","","Stake",""
"0x8069c3f476540d28f1735e9f0787c3501cc45ac527d4031246c449cfcd30ac8c","10566815","1596191379","2020-07-31 10:29:39","0x41bc7d0687e6cea57fa26da78379dfdc5627c56d","0xe4ffd96b5e6d2b6cdb91030c48cc932756c951b5","","0","0","0","0.008497551","21.34066460589","346.81","","","Stake",""
"0x53ff1e14300af23ed97d4053467d97027248934ad1bccddc44b8eb0b8f0a5d66","10566822","1596191463","2020-07-31 10:31:03","0x23c98b17743ef687cbab84cef9eca52d4934455a","0xe4ffd96b5e6d2b6cdb91030c48cc932756c951b5","","0","0","0","0.007278696","18.27964434744","346.81","","","Get Reward",""
"0x40103aad4495ebc89679dbe44dd1e846660bcf5fcb89b877512c7286aad9eb2a","10566824","1596191491","2020-07-31 10:31:31","0x09b2b64a3f1084bc15c7ee33be7f5ce3414a4a60","0xe4ffd96b5e6d2b6cdb91030c48cc932756c951b5","","0","0","0","0.0105011698","26.372532824022","346.81","","","Stake",""
"0x0ea9b5fa19cdf351acefd26928b5f311c85d6864d9f3fcfb892d67b473c295e1","10566827","1596191514","2020-07-31 10:31:54","0x14e56cf9e6257475f9b6310adc98865fc24d6504","0xe4ffd96b5e6d2b6cdb91030c48cc932756c951b5","","0","0","0","0.0084069","21.113004591","346.81","","","Stake",""
"0x13815be85cc5046af57489f98852c0312ebef4a752f73327a29a8583d1a13bae","10566827","1596191514","2020-07-31 10:31:54","0x23c98b17743ef687cbab84cef9eca52d4934455a","0xe4ffd96b5e6d2b6cdb91030c48cc932756c951b5","","0","0","0","0.009662702","24.26681317578","346.81","","","Withdraw",""
"0x58e87890b0dd565b44865453369867de4bdd313ba44291ba6a5294effe99b3ea","10566835","1596191612","2020-07-31 10:33:32","0x2b39c6ed2a2cfe57cc862a0b51c3fbcd3f9c9e8a","0xe4ffd96b5e6d2b6cdb91030c48cc932756c951b5","","0","0","0","0.0115759","29.071599501","346.81","","","Stake",""
"0x2066acf807f9be353aa48291817fc7a56f3ef4b94ea031ff1f78c3572e3da14e","10566841","1596191675","2020-07-31 10:34:35","0x50b1b62220390b63cdc539ded301fde9ea85ab71","0xe4ffd96b5e6d2b6cdb91030c48cc932756c951b5","","0","0","0","0.00728885232","18.3051508279248","346.81","","","Get Reward",""
"0x58e95c450d30ca4756758426ba841c63ce889a610088e190338d447cf8743ed4","10566849","1596191797","2020-07-31 10:36:37","0x316f99537b4bade5eea51073f1b7c38dfbf69a70","0xe4ffd96b5e6d2b6cdb91030c48cc932756c951b5","","0","0","0","0.007278696","18.27964434744","346.81","","","Get Reward",""
"0x4e40490a1bf9a6ae104cda062ac3ffe371268e74e770fe094606eb89d905ab41","10566854","1596191903","2020-07-31 10:38:23","0x5398850a9399da87624874704feaa8a9c6c4089b","0xe4ffd96b5e6d2b6cdb91030c48cc932756c951b5","","0","0","0","0.009576185","24.04953524715","346.81","","","Stake",""
"0x46c9b556e5e0c9be47b3af0bf98f79fe38c235aaa75694bc3f57c0542c52161d","10566857","1596191918","2020-07-31 10:38:38","0xca214150c6df8848b2488f33f2c35f2417265798","0xe4ffd96b5e6d2b6cdb91030c48cc932756c951b5","","0","0","0","0.009324292","23.41693368588","346.81","","","Stake",""
"0x78035b58bfbd815e48440973dc766915254c24d407d43a1f5491ddc9577e41ee","10566879","1596192213","2020-07-31 10:43:33","0xe701d6bb1a514b0d9c85f8b9f8e30adec3d90afd","0xe4ffd96b5e6d2b6cdb91030c48cc932756c951b5","","0","0","0","0.010614292","26.65662678588","346.81","","","Stake",""
"0x2a8decda91d1f02050be33d3779dd8d465a050f290143736a84b46ef81134c25","10566885","1596192256","2020-07-31 10:44:16","0xc8b53a46cfef965c13919797c7aef78ff8146d1b","0xe4ffd96b5e6d2b6cdb91030c48cc932756c951b5","","0","0","0","0.0111045","27.887730255","346.81","","","Get Reward",""
"0xf90f3b0d57a520b5fc3017a93b1171615b571b0d139e121ef476c96890705eb9","10566888","1596192327","2020-07-31 10:45:27","0x62c66180c21723d2ebe5c9be61307dd2061c6f2d","0xe4ffd96b5e6d2b6cdb91030c48cc932756c951b5","","0","0","0","0.011854154","29.77040381406","346.81","","","Exit",""
"0x794aaea8a0f9025824c1c3ad6cbaca2e668b76e2eb8945d7368128e0413cdbec","10566903","1596192554","2020-07-31 10:49:14","0x41bc7d0687e6cea57fa26da78379dfdc5627c56d","0xe4ffd96b5e6d2b6cdb91030c48cc932756c951b5","","0","0","0","0.007521059","18.88831236201","346.81","","","Stake",""
"0xf0479c1d55c0ee7a45c568cb58462d39359e49505accff2542eccb6688c33357","10566908","1596192622","2020-07-31 10:50:22","0xa608c8880ed69ae525ca4cc97e5e09d823f6b1c4","0xe4ffd96b5e6d2b6cdb91030c48cc932756c951b5","","0","0","0","0.0124545","31.278106755","346.81","","","Get Reward",""
"0xe0b2b29ab7957c36daa5180231db56e59c8f07bf3a1a4b9f0d1e50a02f4a4d68","10566909","1596192648","2020-07-31 10:50:48","0x108a8b7200d044bbbe95bef6f671baec5473e05f","0xe4ffd96b5e6d2b6cdb91030c48cc932756c951b5","","0","0","0","0.007278696","18.27964434744","346.81","","","Get Reward",""
"0xce5f8d992966b8d7f2a34d441f88edc5a919c35c2d32b64f1f711e6b49b4db76","10566919","1596192770","2020-07-31 10:52:50","0xef398a72ca7e9c352d14aa297c5c59f604c43bdc","0xe4ffd96b5e6d2b6cdb91030c48cc932756c951b5","","0","0","0","0.009635354","24.19813168206","346.81","","","Exit",""
"0x36517564ed7002b2c6072887334e59d9394482fea12ad69cd6fc28edfa848462","10566920","1596192776","2020-07-31 10:52:56","0xafcfc04a489ecaae659a0b227224401ca0464004","0xe4ffd96b5e6d2b6cdb91030c48cc932756c951b5","","0","0","0","0.007278696","18.27964434744","346.81","","","Get Reward",""
"0xa527a0b64dac471db405ee62b2a2150d9d5e35171c06e3e9aab40080a06acbaf","10566930","1596192912","2020-07-31 10:55:12","0xfd26f25d6588b752a90e600aff038a654d64a42c","0xe4ffd96b5e6d2b6cdb91030c48cc932756c951b5","","0","0","0","0.007639896","19.18675841544","346.81","","","Get Reward",""
"0x2dfe87f9cace9982101e3af5d7282b9cc20b9baca1892037beaae6f96de835d3","10566936","1596192954","2020-07-31 10:55:54","0xa53a13a80d72a855481de5211e7654fabdfe3526","0xe4ffd96b5e6d2b6cdb91030c48cc932756c951b5","","0","0","0","0.00761724","19.1298603636","346.81","","","Get Reward",""
"0x612dbf958707d468bfd6b38b7a2dcaad80a41b2c782ab306b5f3c552d4663321","10566950","1596193172","2020-07-31 10:59:32","0x846b38bca519a7cb24e06edca34fc73726c5e252","0xe4ffd96b5e6d2b6cdb91030c48cc932756c951b5","","0","0","0","0.010614292","26.65662678588","346.81","","","Stake",""
"0x8b568803c62842b05b1b64730cb3e10e7c5246824a0249ab2a13c8a1d79b0978","10566956","1596193221","2020-07-31 11:00:21","0xca214150c6df8848b2488f33f2c35f2417265798","0xe4ffd96b5e6d2b6cdb91030c48cc932756c951b5","","0","0","0","0.010809832","27.14770398648","346.81","","","Exit",""
"0x9be54c5fe0cc61cd33e7deab20bb55d04a290f413be40f39ff3253ad3c8c6a15","10566965","1596193411","2020-07-31 11:03:31","0x35848fc8cbd1c6032ff441af5520de66eb75bce2","0xe4ffd96b5e6d2b6cdb91030c48cc932756c951b5","","0","0","0","0.013646061","34.27058113479","346.81","","","Exit",""
"0x25a5deda32449ec4a75def338a8cc77465c22a30f2a13b64210bbb9facc40ffd","10566965","1596193411","2020-07-31 11:03:31","0x6e93ebc8302890ff1d1befd779d1db131ef30d4d","0xe4ffd96b5e6d2b6cdb91030c48cc932756c951b5","","0","0","0","0.010061656","25.26874226184","346.81","","","Exit",""
"0xfd2bd1620bedf833dfc9f406957b66a933c79a28f05e53d0a1dc9bbf569d08e3","10566980","1596193608","2020-07-31 11:06:48","0x170e26a0abde5f9a4cdf19143d166500b9b08382","0xe4ffd96b5e6d2b6cdb91030c48cc932756c951b5","","0","0","0","0.010735626","26.96134378014","346.81","","","Stake",""
"0x699e3149b040b9f7f79e62090b4ab40f19a1dc1d5a38eb3488b134bde224fb27","10566987","1596193773","2020-07-31 11:09:33","0x4cddff23d036e15fe786508ffa39b27f73b4a01a","0xe4ffd96b5e6d2b6cdb91030c48cc932756c951b5","","0","0","0","0.010026829","25.18127808231","346.81","","","Stake",""
"0x72334ea204e28a0c9b0a1d59bf5c9507a7a71b2a9235084436c8d8fe752cc319","10566990","1596193831","2020-07-31 11:10:31","0xf180efe50905a9fc66cccc91a8945805ce8d6570","0xe4ffd96b5e6d2b6cdb91030c48cc932756c951b5","","0","0","0","0.007532604","18.91730635956","346.81","","","Get Reward",""
"0xf781f9c65b254a45653a791b09896a4562fcbc2de638c7d9412e86439c7cf562","10566998","1596193889","2020-07-31 11:11:29","0xf180efe50905a9fc66cccc91a8945805ce8d6570","0xe4ffd96b5e6d2b6cdb91030c48cc932756c951b5","","0","0","0","0.008086451","20.30823217689","346.81","","","Withdraw",""
"0x40469b6a45f927f072bd6812667901dc7e60ece8333aea59110ac8c0300bc8db","10567022","1596194234","2020-07-31 11:17:14","0x86ecc08f37cc348377e83e5e87642c3d99e58f58","0xe4ffd96b5e6d2b6cdb91030c48cc932756c951b5","","0","0","0","0.010809832","27.14770398648","346.81","","","Exit",""
"0xf81644095f8edd02fd4d31f4a73b31c6cdeb97d15e57f3e989ccf1e31c18aad5","10567022","1596194234","2020-07-31 11:17:14","0xf5dcb2a47f738d8ba39f9fa2ddc7592f268a262a","0xe4ffd96b5e6d2b6cdb91030c48cc932756c951b5","","0","0","0","0.009167048","23.02203267672","346.81","","","Stake",""
"0xbc59db2d54242f63a5b268fc3bd32f9b6d9688dc74ff2e65c4017db46979c9f5","10567050","1596194558","2020-07-31 11:22:38","0x4cddff23d036e15fe786508ffa39b27f73b4a01a","0xe4ffd96b5e6d2b6cdb91030c48cc932756c951b5","","0","0","0","0.006571404","16.50335829156","346.81","","","Get Reward",""
"0xed9dc87e3764441f75d085d2f7908d2467f6394e916e26846bf56d2f9d2fa6a3","10567058","1596194722","2020-07-31 11:25:22","0x5398850a9399da87624874704feaa8a9c6c4089b","0xe4ffd96b5e6d2b6cdb91030c48cc932756c951b5","","0","0","0","0.00744165","18.6888853935","346.81","","","Stake",""
"0x59785c621a7c2411dcd231592b15ed3670d9f25534784d18a4904ad1348da6c9","10567058","1596194722","2020-07-31 11:25:22","0xfe2353c808f2409ccb81508005a62cef29457706","0xe4ffd96b5e6d2b6cdb91030c48cc932756c951b5","","0","0","0","0.01022788","25.6861955532","346.81","","","Stake",""
"0x72fde0cc9d5d5ebbd897b5894f920dae9268fe0ffceb50ffdb3118a9b3f5b751","10567093","1596195122","2020-07-31 11:32:02","0x8e0acc3ff785a279551e2107125d1290156bedec","0xe4ffd96b5e6d2b6cdb91030c48cc932756c951b5","","0","0","0","0.01110798","27.8964698922","346.81","","","Stake",""
"0x5fac72edb6bab9b9669c466ede82a580706fa4b957c111a7ebbec746a7209a30","10567115","1596195373","2020-07-31 11:36:13","0xa626bd40a8c88f59a4cf9b1821a7bd71fad96285","0xe4ffd96b5e6d2b6cdb91030c48cc932756c951b5","","0","0","0","0.011229218","28.20094579302","346.81","","","Stake",""
"0x83406e5a03b5c1a4ac945e5dc19ad44db993bb6243aab1fa8f41d1f61178a635","10567124","1596195498","2020-07-31 11:38:18","0xa626bd40a8c88f59a4cf9b1821a7bd71fad96285","0xe4ffd96b5e6d2b6cdb91030c48cc932756c951b5","","0","0","0","0.010253243","25.74989193777","346.81","","","Stake",""
"0x4dbe96c504dd380f2b1df4f225d88a1b77569cd1e921913d6e3edb882c0a01ed","10567137","1596195692","2020-07-31 11:41:32","0x15bdd87fe60e212c150d18d205766bda86350152","0xe4ffd96b5e6d2b6cdb91030c48cc932756c951b5","","0","0","0","0.00761724","19.1298603636","346.81","","","Get Reward",""
"0x452ce62bfe43862b3e5b6e3bf0723c661a7a4c699ee5f93b01a924972cee7042","10567145","1596195802","2020-07-31 11:43:22","0xf5dcb2a47f738d8ba39f9fa2ddc7592f268a262a","0xe4ffd96b5e6d2b6cdb91030c48cc932756c951b5","","0","0","0","0.006497568","16.31792729952","346.81","","","Get Reward",""
"0x9dc45aff0064ad3711283b07941213a5460c7f42112253f75f7b36f19fba9359","10567166","1596196158","2020-07-31 11:49:18","0x346aa32ffcba1064983b24ce0bc7b4af2e4e9859","0xe4ffd96b5e6d2b6cdb91030c48cc932756c951b5","","0","0","0","0.0117002919","29.383996074741","346.81","","","Exit",""
"0x60e4181df26e4694086b6569e97fed4b4e88698cdfba9e35b1672325990f7722","10567173","1596196247","2020-07-31 11:50:47","0xa53a13a80d72a855481de5211e7654fabdfe3526","0xe4ffd96b5e6d2b6cdb91030c48cc932756c951b5","","0","0","0","0.01105551","27.7646972589","346.81","","","Exit",""
"0xf59fe46a6964b709757da886ce2745a64976eddf6f9fff03725d786293d13a62","10567183","1596196379","2020-07-31 11:52:59","0x15bdd87fe60e212c150d18d205766bda86350152","0xe4ffd96b5e6d2b6cdb91030c48cc932756c951b5","","0","0","0","0.01351229","33.9346299831","346.81","","","Exit",""
"0xe8d899e05b0bd6879093000e9dbe25054d199a63b078c473aacde15484020ca8","10567222","1596196949","2020-07-31 12:02:29","0x6a6f83f08dc460f1b73677e9cd31e7e0eb62afaa","0xe4ffd96b5e6d2b6cdb91030c48cc932756c951b5","","0","0","0","0.009166512","23.02068657168","346.81","","","Get Reward",""
"0x91e4652977c246380bb6d0f0de41d648d39fc7f6cb9a5fd626f825d2930daf1e","10567240","1596197176","2020-07-31 12:06:16","0xa3953352beab67861e5a7fff47f36611a1ff5335","0xe4ffd96b5e6d2b6cdb91030c48cc932756c951b5","","0","0","0","0.011301188","28.38169053132","346.81","","","Exit",""
"0x7684caf60ab27361e475818c1d1c9962d750150abb8765baaa86d0bf2a49cc50","10567253","1596197416","2020-07-31 12:10:16","0x3dca07e16b2becd3eb76a9f9ce240b525451f887","0xe4ffd96b5e6d2b6cdb91030c48cc932756c951b5","","0","0","0","0.008125056","20.40518438784","346.81","","","Get Reward",""
"0xad6dc229eaf0ca208520b2b87ae025c39f1b0efd9bb36d8b52e16e750d51e2f5","10567269","1596197606","2020-07-31 12:13:26","0x4cddff23d036e15fe786508ffa39b27f73b4a01a","0xe4ffd96b5e6d2b6cdb91030c48cc932756c951b5","","0","0","0","0.007701876","19.34241436764","346.81","","","Get Reward",""
"0x5cd104c5f5ab73227461ca34534d0c4d985aab198d17bf412c57b41390382e22","10567289","1596197963","2020-07-31 12:19:23","0x23c98b17743ef687cbab84cef9eca52d4934455a","0xe4ffd96b5e6d2b6cdb91030c48cc932756c951b5","","0","0","0","0.007689705","19.31184823995","346.81","","","Stake",""
"0x27f1dd62509cd5e46ccb80aaf0ac4eb76ef62d201e49476339dfe6f3dbaf6986","10567306","1596198209","2020-07-31 12:23:29","0x926aeb2e23d45a698413b3b6ed6b72a0ecc5d59d","0xe4ffd96b5e6d2b6cdb91030c48cc932756c951b5","","0","0","0","0.011354824","28.51639144536","346.81","","","Stake",""
"0xfe61407fe38be0bec56394a1ffd662b31d622db9d49101307fe12bf57191a02d","10567306","1596198209","2020-07-31 12:23:29","0x926aeb2e23d45a698413b3b6ed6b72a0ecc5d59d","0xe4ffd96b5e6d2b6cdb91030c48cc932756c951b5","","0","0","0","0.00548688","13.7796955632","346.81","Error(0)","Reverted","Stake",""
"0x1aa02d291be080fdfd1dfa04e3b5c0cc2650bdd3fefe9ca9400723b3e96801ed","10567309","1596198261","2020-07-31 12:24:21","0x8878d2a969cd617cee9e0549d7ebaf5288464546","0xe4ffd96b5e6d2b6cdb91030c48cc932756c951b5","","0","0","0","0.007871148","19.76752237572","346.81","","","Get Reward",""
"0x0cab71f6eff80897dc02ac2b0f761cf050bd3ca64a299c24407df1e0acfb841c","10567334","1596198554","2020-07-31 12:29:14","0xa66af16184134b48cbf2eb2918ed802ad7d244aa","0xe4ffd96b5e6d2b6cdb91030c48cc932756c951b5","","0","0","0","0.014214027","35.69696526753","346.81","","","Exit",""
"0x044e54f439f979b610b0560e8f195325e37a360a4b05ac4c2ff6f37d4b97e350","10567402","1596199365","2020-07-31 12:42:45","0x108a8b7200d044bbbe95bef6f671baec5473e05f","0xe4ffd96b5e6d2b6cdb91030c48cc932756c951b5","","0","0","0","0.007955784","19.98007637976","346.81","","","Get Reward",""
"0x9012deb46dfaf11a6a6a3b8e75b71575172bfbc8794afa76de763d78dd95fe35","10567432","1596199729","2020-07-31 12:48:49","0x6a6f83f08dc460f1b73677e9cd31e7e0eb62afaa","0xe4ffd96b5e6d2b6cdb91030c48cc932756c951b5","","0","0","0","0.008540746","21.44914409694","346.81","","","Withdraw",""
"0x4909f97af5d5a3eb083c276925770a44377f4b48159978ec2ddeee356b374c88","10567461","1596200219","2020-07-31 12:56:59","0x6ec40ae0b3da2954c28924fce4f59a9594da782c","0xe4ffd96b5e6d2b6cdb91030c48cc932756c951b5","","0","0","0","0.007871148","19.76752237572","346.81","","","Get Reward",""
"0x608d098ce9cfd6ff3fa0f83d5708f9fe0d3894147a73afa18cfac48343b03251","10567474","1596200388","2020-07-31 12:59:48","0x4cddff23d036e15fe786508ffa39b27f73b4a01a","0xe4ffd96b5e6d2b6cdb91030c48cc932756c951b5","","0","0","0","0.007955784","19.98007637976","346.81","","","Get Reward",""
"0x5e8cdd1a8fa95726d5a399afd16173b64459a771ecb815744955a3e08fc8751f","10567491","1596200580","2020-07-31 13:03:00","0x3dca07e16b2becd3eb76a9f9ce240b525451f887","0xe4ffd96b5e6d2b6cdb91030c48cc932756c951b5","","0","0","0","0.0122839","30.849663621","346.81","","","Exit",""
"0xc11ffe6ec725cf072e8b20aec59b10125d253277293e8c02039928befef8cabf","10567494","1596200654","2020-07-31 13:04:14","0x058b10cbe1872ad139b00326686ee8ccef274c58","0xe4ffd96b5e6d2b6cdb91030c48cc932756c951b5","","0","0","0","0.007871148","19.76752237572","346.81","","","Get Reward",""
"0x4da6043d9d8878375fbaffc7d63bbde70c96c6ea65c793f791a890cd81599ddf","10567494","1596200654","2020-07-31 13:04:14","0x058b10cbe1872ad139b00326686ee8ccef274c58","0xe4ffd96b5e6d2b6cdb91030c48cc932756c951b5","","0","0","0","0.00976779","24.5307301281","346.81","","","Exit",""
"0x3f86aa13e99a83ddf5078ee01da3b2430960cb80a5ac7e9373690edae988ab4a","10567513","1596200909","2020-07-31 13:08:29","0x60e2a272b6233d4fe08908bfa6ea44518501732a","0xe4ffd96b5e6d2b6cdb91030c48cc932756c951b5","","0","0","0","0.00709872","17.8276544208","346.81","","","Get Reward",""
"0x3a4659045c422dd4c0e727c9a362eac04e47c236d2926b2122754984f9d885b5","10567519","1596200979","2020-07-31 13:09:39","0x5e1e164ab21828fcee0bddf0641f05e6da842ff7","0xe4ffd96b5e6d2b6cdb91030c48cc932756c951b5","","0","0","0","0.006866748","17.24508225972","346.81","","","Get Reward",""
"0x172f80f2d0cdb2c400d2b2bf7a8a77b750d61377eeb2c843485b42b183c8da82","10567535","1596201150","2020-07-31 13:12:30","0x85bc9206af54a6b0021f572de228596223f517b7","0xe4ffd96b5e6d2b6cdb91030c48cc932756c951b5","","0","0","0","0.0169272","42.510800808","346.81","","","Get Reward",""
"0xaf62a19e859f9c76ebc609dba3f56d25c547c2500a7824a34e5953dde381f5dd","10567542","1596201310","2020-07-31 13:15:10","0x5029ddc9cb481fd57c020175e1d2448666807192","0xe4ffd96b5e6d2b6cdb91030c48cc932756c951b5","","0","0","0","0.012819027","32.19357621753","346.81","","","Exit",""
"0x472fb431cb8c5f6fff2d14d5ec7951b8815ec4a4cc3d173e94dc165c4cb72570","10567545","1596201338","2020-07-31 13:15:38","0x4ffd288f35241f0c321c92bf17a933dbfed3f714","0xe4ffd96b5e6d2b6cdb91030c48cc932756c951b5","","0","0","0","0.009365784","23.52113627976","346.81","","","Get Reward",""
"0x873628f758d0efb7d318334ad1f062d77c86cc64cae9244f9f9fe96cbafb3283","10567548","1596201351","2020-07-31 13:15:51","0x8878d2a969cd617cee9e0549d7ebaf5288464546","0xe4ffd96b5e6d2b6cdb91030c48cc932756c951b5","","0","0","0","0.011546866","28.99868380374","346.81","","","Exit",""
"0x5f1d93bf602f61fa75aaf305ea1d1eb30d6fd681db5d47f7726f5f1a1abf30e0","10567556","1596201401","2020-07-31 13:16:41","0x84740f97aea62c5dc36756dfd9f749412534220e","0xe4ffd96b5e6d2b6cdb91030c48cc932756c951b5","","0","0","0","0.012956866","32.53974370374","346.81","","","Exit",""
"0x466d002049b995f3db3b8d7f7f54c14978f8a64d70863b2c9d2dabaf5d103732","10567563","1596201452","2020-07-31 13:17:32","0x4cddff23d036e15fe786508ffa39b27f73b4a01a","0xe4ffd96b5e6d2b6cdb91030c48cc932756c951b5","","0","0","0","0.007871148","19.76752237572","346.81","","","Get Reward",""
"0x2ed5b0152fb0df13f9adc83efd6923c8b99da1bcb24ff2bdc4690ad54e5f39d3","10567593","1596201771","2020-07-31 13:22:51","0x316f99537b4bade5eea51073f1b7c38dfbf69a70","0xe4ffd96b5e6d2b6cdb91030c48cc932756c951b5","","0","0","0","0.007955784","19.98007637976","346.81","","","Get Reward",""
"0x26eeca0c8617ade7a0fd5769031f46fa9b60d922bfd6ce7e5294a31ebaeac0f1","10567600","1596201869","2020-07-31 13:24:29","0xf85f5637b21dfa62293a77c956e17d299199baa4","0xe4ffd96b5e6d2b6cdb91030c48cc932756c951b5","","0","0","0","0.0110409039","27.728015645421","346.81","","","Exit",""
"0x38a4ce0797fda4832e45ad6a797acd784aef16f2de9b1cbc300cabd7d4ae8505","10567647","1596202489","2020-07-31 13:34:49","0x5e1e164ab21828fcee0bddf0641f05e6da842ff7","0xe4ffd96b5e6d2b6cdb91030c48cc932756c951b5","","0","0","0","0.007871148","19.76752237572","346.81","","","Get Reward",""
"0x284ce7e60ae8bed326e04aee8548df96df4b0ecee58a562fde92fa763ea1c377","10567666","1596202706","2020-07-31 13:38:26","0x0573b48cd681560818e1c6f5be2dee53f2807bc6","0xe4ffd96b5e6d2b6cdb91030c48cc932756c951b5","","0","0","0","0.009083589","22.81243457871","346.81","","","Stake",""
"0x723a6ed4588a007879a3479218cb4fe49416c599e0949319d89e0b26c96f2fcf","10567674","1596202811","2020-07-31 13:40:11","0xafcfc04a489ecaae659a0b227224401ca0464004","0xe4ffd96b5e6d2b6cdb91030c48cc932756c951b5","","0","0","0","0.007871148","19.76752237572","346.81","","","Get Reward",""
"0x494dd805eddf267db48c5d4187f39c368a212b6af839536883aea8119d3a29cd","10567682","1596202868","2020-07-31 13:41:08","0xab262d7b21a667b8c5b23b14e25d75be9ac6c3e2","0xe4ffd96b5e6d2b6cdb91030c48cc932756c951b5","","0","0","0","0.00878054","22.0513603506","346.81","","","Stake",""
"0x38570bb2d8641dc528a3a42afbb3faebb2573926f473f174dc9aaabca397db87","10567700","1596203076","2020-07-31 13:44:36","0x23c98b17743ef687cbab84cef9eca52d4934455a","0xe4ffd96b5e6d2b6cdb91030c48cc932756c951b5","","0","0","0","0.006866748","17.24508225972","346.81","","","Get Reward",""
"0xa523e959d7e4c37d349ddec53df083001b824dea9add9198d7327a9bad25283f","10567720","1596203375","2020-07-31 13:49:35","0x99c3e004363e650718273dcf9d0ca74bc4348932","0xe4ffd96b5e6d2b6cdb91030c48cc932756c951b5","","0","0","0","0.0111069","27.893757591","346.81","","","Stake",""
"0x249caeb3454071ec962223075193b26b4d669825e723ecd865e9f0cef97111de","10567736","1596203573","2020-07-31 13:52:53","0x058b10cbe1872ad139b00326686ee8ccef274c58","0xe4ffd96b5e6d2b6cdb91030c48cc932756c951b5","","0","0","0","0.00840906","21.1184291934","346.81","","","Stake",""
"0x3fb2b37a336875784af5124f7eb38abcd86882f8e682f834e7d827e6ed6422e1","10567743","1596203694","2020-07-31 13:54:54","0x0573b48cd681560818e1c6f5be2dee53f2807bc6","0xe4ffd96b5e6d2b6cdb91030c48cc932756c951b5","","0","0","0","0.00817731","20.5364145609","346.81","","","Withdraw",""
"0xc0d92f249ae715b4bbf7799e224109440c936a9e7780515bdce0236537f8b13c","10567757","1596203814","2020-07-31 13:56:54","0xedc63f732d61df2556fd3ae84f911a84ac64b4ba","0xe4ffd96b5e6d2b6cdb91030c48cc932756c951b5","","0","0","0","0.00896724","22.5202368636","346.81","","","Get Reward",""
"0x69c8ba9dbaa358fc3cce0c38ec16b115871d637fac24fa4c33fa4e0b10eb32aa","10567828","1596204882","2020-07-31 14:14:42","0x5e1e164ab21828fcee0bddf0641f05e6da842ff7","0xe4ffd96b5e6d2b6cdb91030c48cc932756c951b5","","0","0","0","0.007701876","19.34241436764","346.81","","","Get Reward",""
"0x2f3d9f616e9bb37fa2d87248cd10aa1d0e6ee6d0bbfee0acb4c16289ce155186","10567832","1596204911","2020-07-31 14:15:11","0x5e1e164ab21828fcee0bddf0641f05e6da842ff7","0xe4ffd96b5e6d2b6cdb91030c48cc932756c951b5","","0","0","0","0.011178349","28.07319389511","346.81","","","Exit",""
"0x01185032bbe972885f3292266fb533a327fb3ea3cbbe83248013a9b86f252009","10567839","1596204983","2020-07-31 14:16:23","0x108a8b7200d044bbbe95bef6f671baec5473e05f","0xe4ffd96b5e6d2b6cdb91030c48cc932756c951b5","","0","0","0","0.00761724","19.1298603636","346.81","","","Get Reward",""
"0x1bfef3b6f72893713d317cc0073796b423dce26400b375feda27aa3fe074104d","10567843","1596205032","2020-07-31 14:17:12","0xb2b4bb2566e59bdebf50e56808336b2fae74d025","0xe4ffd96b5e6d2b6cdb91030c48cc932756c951b5","","0","0","0","0.011301188","28.38169053132","346.81","","","Exit",""
"0x6b51a5c5b9f27213def97d2817c5c1841a5a2381ac0d6d000b86d551e053e0e4","10567849","1596205126","2020-07-31 14:18:46","0x5398850a9399da87624874704feaa8a9c6c4089b","0xe4ffd96b5e6d2b6cdb91030c48cc932756c951b5","","0","0","0","0.011560549","29.03304715311","346.81","","","Exit",""
"0x7dbea30f095951af6e6b21901518aa15154eef61e498dff38cdd3238665c1e5f","10567869","1596205453","2020-07-31 14:24:13","0xfdaf028f781a6eed9f9a39b2a538a3d7a1974e5f","0xe4ffd96b5e6d2b6cdb91030c48cc932756c951b5","","0","0","0","0.010307588","25.88637342732","346.81","","","Exit",""
"0x5c0844215e3f93facee05f13da0e2431e042f5c41483ca35dbced6bc6843b6cd","10567903","1596205957","2020-07-31 14:32:37","0xa35dea1466b6cf14a1ac1a1203578908399e560f","0xe4ffd96b5e6d2b6cdb91030c48cc932756c951b5","","0","0","0","0.011546866","28.99868380374","346.81","","","Exit",""
"0x673a26024e0765747dd7c8aae733aae43fc36d9a25cdab8b099f193004f25e52","10567903","1596205957","2020-07-31 14:32:37","0xf5dcb2a47f738d8ba39f9fa2ddc7592f268a262a","0xe4ffd96b5e6d2b6cdb91030c48cc932756c951b5","","0","0","0","0.010747678","26.99161105242","346.81","","","Exit",""
"0x027b7d5b3d3b890eb4438f45227cfda87652dd894ee327bbca5b7bc88debb95b","10567947","1596206383","2020-07-31 14:39:43","0x108a8b7200d044bbbe95bef6f671baec5473e05f","0xe4ffd96b5e6d2b6cdb91030c48cc932756c951b5","","0","0","0","0.007955784","19.98007637976","346.81","","","Get Reward",""
"0x1c89ce18fb5937ae186b1ce13bc42efc59788532ddea7aae716de14ab29e7ed4","10567974","1596206666","2020-07-31 14:44:26","0x5a8c9e714082f1af7eb9d12600fbcfb91dfe2258","0xe4ffd96b5e6d2b6cdb91030c48cc932756c951b5","","0","0","0","0.011941666","29.99018057574","346.81","","","Exit",""
"0x91681dee7a141d141d6b00128b9e90eadb3f64a52971679aca5ec37f52c0d4f6","10567979","1596206708","2020-07-31 14:45:08","0xc8b53a46cfef965c13919797c7aef78ff8146d1b","0xe4ffd96b5e6d2b6cdb91030c48cc932756c951b5","","0","0","0","0.01363065","34.2318781035","346.81","","","Withdraw",""
"0x0d714c48afe665feb85ba5cf041d5b2095d4fdc40bbf425866cc178036f3130d","10567992","1596206895","2020-07-31 14:48:15","0xc8b53a46cfef965c13919797c7aef78ff8146d1b","0xe4ffd96b5e6d2b6cdb91030c48cc932756c951b5","","0","0","0","0.0110601","27.776224539","346.81","","","Get Reward",""
"0xb132fe88ada72459af3be7847574958bc82b512111daf0dea365960237e3073a","10568034","1596207524","2020-07-31 14:58:44","0x8474c43970481015019819936793ddc210a0050e","0xe4ffd96b5e6d2b6cdb91030c48cc932756c951b5","","0","0","0","0.00804042","20.1926303838","346.81","","","Get Reward",""
"0x28b5db4fc5de6f9d98cb28ac0c4873855b7f77acb67bb309657278a675aeacad","10568038","1596207563","2020-07-31 14:59:23","0xf78a149be085ff02bc5de35578d52055a47a619e","0xe4ffd96b5e6d2b6cdb91030c48cc932756c951b5","","0","0","0","0.010643705","26.73049429995","346.81","","","Exit",""
"0x281cce8b759c8670fb543017c2197102b39260c33caef5907f03d1ee2a216a07","10568051","1596207686","2020-07-31 15:01:26","0x316f99537b4bade5eea51073f1b7c38dfbf69a70","0xe4ffd96b5e6d2b6cdb91030c48cc932756c951b5","","0","0","0","0.00804042","20.1926303838","346.81","","","Get Reward",""
"0xb522600f1948caa4cec6e24da55613a8c0ae9610cc7c3d0c27a5f6c56e412ebc","10568100","1596208289","2020-07-31 15:11:29","0xa0f75491720835b36edc92d06ddc468d201e9b73","0xe4ffd96b5e6d2b6cdb91030c48cc932756c951b5","","0","0","0","0.008125056","20.40518438784","346.81","","","Get Reward",""
"0x88950d8d381e8038a62ba00d2456e09231e740008832a06688f82486315d8534","10568116","1596208424","2020-07-31 15:13:44","0xdd49f678e116665180863f34debb9c9f2bda2406","0xe4ffd96b5e6d2b6cdb91030c48cc932756c951b5","","0","0","0","0.012195744","30.62826952416","346.81","","","Exit",""
"0xfbe3e3f794cea9c7a320e46775600ff717cbb1d3158c25bc65cd66db95345f2f","10568122","1596208513","2020-07-31 15:15:13","0x2bfe66759f0331066f3e7d57b3dc9a96bfc17927","0xe4ffd96b5e6d2b6cdb91030c48cc932756c951b5","","0","0","0","0.014519705","36.46464193995","346.81","","","Exit",""
"0x8337bab773d8064027f13a4c1e2cb46697c19d22fbc79fb3c2afb7fa472c90d6","10568126","1596208636","2020-07-31 15:17:16","0xc8b53a46cfef965c13919797c7aef78ff8146d1b","0xe4ffd96b5e6d2b6cdb91030c48cc932756c951b5","","0","0","0","0.0186868","46.929842652","346.81","","","Stake",""
"0xc7e2ec8ca16cd11c14ec5452778f3b6af6a3a2dc7138466fe6ffc1da8c658b3a","10568127","1596208707","2020-07-31 15:18:27","0x14e56cf9e6257475f9b6310adc98865fc24d6504","0xe4ffd96b5e6d2b6cdb91030c48cc932756c951b5","","0","0","0","0.0122839","30.849663621","346.81","","","Exit",""
"0x59c9670bc2f05a193ed4510c1a0fe35a16d85cbafb1132f15e6972bf9cd4893f","10568143","1596208944","2020-07-31 15:22:24","0xafcfc04a489ecaae659a0b227224401ca0464004","0xe4ffd96b5e6d2b6cdb91030c48cc932756c951b5","","0","0","0","0.008125056","20.40518438784","346.81","","","Get Reward",""
"0xbd02e8dbfc7767899be47b586e50ec989704ffe7984a4861b4cb3400f022c596","10568166","1596209277","2020-07-31 15:27:57","0xdbd440aa02f05ee4a9730d22474c4027446a8216","0xe4ffd96b5e6d2b6cdb91030c48cc932756c951b5","","0","0","0","0.011792544","29.61567707616","346.81","","","Exit",""
"0x2505d65c7913d9a5be6e398ab55b471e3d4c6ac6315f225e3f2e2c28b866a535","10568169","1596209291","2020-07-31 15:28:11","0x108a8b7200d044bbbe95bef6f671baec5473e05f","0xe4ffd96b5e6d2b6cdb91030c48cc932756c951b5","","0","0","0","0.008125056","20.40518438784","346.81","","","Get Reward",""
"0x128f312d8335007639713696531a566214a2389e078b493314876179b4cbbb8d","10568174","1596209393","2020-07-31 15:29:53","0x4cddff23d036e15fe786508ffa39b27f73b4a01a","0xe4ffd96b5e6d2b6cdb91030c48cc932756c951b5","","0","0","0","0.008209692","20.61773839188","346.81","","","Get Reward",""
"0x7d3fee3a57848440b2574f29ebafc858f7289eb7d17e2f4adc7a37dcfbaef1e0","10568213","1596209857","2020-07-31 15:37:37","0x964e2d8eceda7b7bc56606cf19fdd37ce1b1da0b","0xe4ffd96b5e6d2b6cdb91030c48cc932756c951b5","","0","0","0","0.011041954","27.73065285606","346.81","","","Stake",""
"0x0336b866b43d9cc6d513acd761d5cae8b4e4e2499917b789b776dddcf8a562d9","10568216","1596209881","2020-07-31 15:38:01","0x6f9bb7e454f5b3eb2310343f0e99269dc2bb8a1d","0xe4ffd96b5e6d2b6cdb91030c48cc932756c951b5","","0","0","0","0.0080488836","20.213885784204","346.81","","","Get Reward",""
"0x42f1c4b332adb9d15108218c316ddc0399f7e5f2fb6e36f81809372af73c746d","10568221","1596209949","2020-07-31 15:39:09","0xab262d7b21a667b8c5b23b14e25d75be9ac6c3e2","0xe4ffd96b5e6d2b6cdb91030c48cc932756c951b5","","0","0","0","0.009664692","24.27181084188","346.81","","","Get Reward",""
"0x92ae6b310a41baf0d200cfa41686f1f8cdb7f26cc725e6c4c4e318804cf32c9e","10568270","1596210400","2020-07-31 15:46:40","0xf85f5637b21dfa62293a77c956e17d299199baa4","0xe4ffd96b5e6d2b6cdb91030c48cc932756c951b5","","0","0","0","0.009163521","23.01317500419","346.81","","","Stake",""
"0xad34814eb1c87bd5005956e0af22d8246e3dd078fa7d1603f2d3c5e5ebea9da6","10568277","1596210464","2020-07-31 15:47:44","0x2bfe66759f0331066f3e7d57b3dc9a96bfc17927","0xe4ffd96b5e6d2b6cdb91030c48cc932756c951b5","","0","0","0","0.009155356","22.99266950484","346.81","","","Stake",""
"0x8f9975a3bac8596488d75a6bfbe57928d71027875e220765effb7a79490922df","10568336","1596211176","2020-07-31 15:59:36","0xa608c8880ed69ae525ca4cc97e5e09d823f6b1c4","0xe4ffd96b5e6d2b6cdb91030c48cc932756c951b5","","0","0","0","0.0169272","42.510800808","346.81","","","Get Reward",""
"0x89b0e085b37f10863cb4d926696da26547cc609cccbf875bec5957ace9ccb8b2","10568343","1596211235","2020-07-31 16:00:35","0xfdaf028f781a6eed9f9a39b2a538a3d7a1974e5f","0xe4ffd96b5e6d2b6cdb91030c48cc932756c951b5","","0","0","0","0.0108422","27.228992658","346.81","","","Stake",""
"0x1ca22221469268806e3b0f8ba39d31d7f73f174c49c527491c0c2e17357ad091","10568361","1596211458","2020-07-31 16:04:18","0x164a15e16d697c2f8ac77c2866441f411365d396","0xe4ffd96b5e6d2b6cdb91030c48cc932756c951b5","","0","0","0","0.012216402","30.68014981878","346.81","","","Stake",""
"0x4cacc6d1ec5d5afd5372977913448f57ab034524160c16a770a92e92a7865dab","10568362","1596211466","2020-07-31 16:04:26","0x6f9bb7e454f5b3eb2310343f0e99269dc2bb8a1d","0xe4ffd96b5e6d2b6cdb91030c48cc932756c951b5","","0","0","0","0.0108267221","27.190121614719","346.81","","","Stake",""
"0xe0fe65da1dac1e9fb3a486bebfb6b11ec89bd36dc874fc4eeb5ee704de34f5b9","10568364","1596211495","2020-07-31 16:04:55","0x50b1b62220390b63cdc539ded301fde9ea85ab71","0xe4ffd96b5e6d2b6cdb91030c48cc932756c951b5","","0","0","0","0.00838912032","21.0683528804448","346.81","","","Get Reward",""
"0x20892940e7441a60d059113d5d31612ff7bf51cb89d20dd68d86fbd088feb05c","10568386","1596211763","2020-07-31 16:09:23","0xa626bd40a8c88f59a4cf9b1821a7bd71fad96285","0xe4ffd96b5e6d2b6cdb91030c48cc932756c951b5","","0","0","0","0.0073836","18.543099204","346.81","","","Get Reward",""
"0x9847481958382b9a858623d681409b695b13bb1f65de326a38e00d5055cbb836","10568392","1596211846","2020-07-31 16:10:46","0x23c98b17743ef687cbab84cef9eca52d4934455a","0xe4ffd96b5e6d2b6cdb91030c48cc932756c951b5","","0","0","0","0.0099636","25.022485404","346.81","","","Get Reward",""
"0x5e0c6a492a85f35fa0e88f7c4b37e56595d3318b28b9594c2e9bfa359b78dac4","10568407","1596212178","2020-07-31 16:16:18","0x4ffd288f35241f0c321c92bf17a933dbfed3f714","0xe4ffd96b5e6d2b6cdb91030c48cc932756c951b5","","0","0","0","0.0084636","21.255400404","346.81","","","Get Reward",""
"0x2d4c8aee4004ff3f7874fd1101d408fc40405ea57c44c3d3fd165f67f7b40486","10568417","1596212266","2020-07-31 16:17:46","0xedc63f732d61df2556fd3ae84f911a84ac64b4ba","0xe4ffd96b5e6d2b6cdb91030c48cc932756c951b5","","0","0","0","0.008378964","21.04284639996","346.81","","","Get Reward",""
"0x4c385c7d00825ccfe97e0677c39b3c4687cc737e511c2af6ddd6884d2265d545","10568417","1596212266","2020-07-31 16:17:46","0xedc63f732d61df2556fd3ae84f911a84ac64b4ba","0xe4ffd96b5e6d2b6cdb91030c48cc932756c951b5","","0","0","0","0.0073945","18.570473355","346.81","","","Withdraw",""
"0x02af4d6d3602ff475ea16c25c2dae9dc4b19ab5f1baee9d4b3456a5d58070753","10568471","1596212968","2020-07-31 16:29:28","0x5d47aa241f7c88b1b9b96f824c206de026b8b03f","0xe4ffd96b5e6d2b6cdb91030c48cc932756c951b5","","0","0","0","0.009863964","24.77226054996","346.81","","","Get Reward",""
"0x7a77da72cd0439f8a878485c45b786f0f0534443289a0d8c7ff6f4e2ac65a27d","10568478","1596213067","2020-07-31 16:31:07","0xe701d6bb1a514b0d9c85f8b9f8e30adec3d90afd","0xe4ffd96b5e6d2b6cdb91030c48cc932756c951b5","","0","0","0","0.0099636","25.022485404","346.81","","","Get Reward",""
"0x3e2b9b0f39f0b736c505e4966a17e481e3b566a15501e94eb0644ffce5ae5ae9","10568491","1596213230","2020-07-31 16:33:50","0x108a8b7200d044bbbe95bef6f671baec5473e05f","0xe4ffd96b5e6d2b6cdb91030c48cc932756c951b5","","0","0","0","0.008632872","21.68050841208","346.81","","","Get Reward",""
"0x7fa166ad36eaaddc46ecdc1daf8dd2a747ea47e469dee769287107d691fa20f3","10568494","1596213279","2020-07-31 16:34:39","0x221dba3c5ac8abeff8a20d660c7cdb328ebdd7a3","0xe4ffd96b5e6d2b6cdb91030c48cc932756c951b5","","0","0","0","0.011377549","28.57346278311","346.81","","","Stake",""
"0x8ff647f3ff4d1944e9ce344e0f13a8415c41dc7683f1fcbfecf9a35ba93af423","10568517","1596213532","2020-07-31 16:38:52","0xafcfc04a489ecaae659a0b227224401ca0464004","0xe4ffd96b5e6d2b6cdb91030c48cc932756c951b5","","0","0","0","0.008548236","21.46795440804","346.81","","","Get Reward",""
"0x80a8a050361190d313987e6fe071b9e4d4e10cb3820be685853e6c84035001ab","10568565","1596214024","2020-07-31 16:47:04","0xb2b4bb2566e59bdebf50e56808336b2fae74d025","0xe4ffd96b5e6d2b6cdb91030c48cc932756c951b5","","0","0","0","0.011059044","27.77357251116","346.81","","","Stake",""
"0x83704432e811e08c8d70148d9ea2c144a4abcc52222aa6a58423f7cff2637596","10568580","1596214250","2020-07-31 16:50:50","0x5f12ab23d48345ceccf2397886610c199416bce1","0xe4ffd96b5e6d2b6cdb91030c48cc932756c951b5","","0","0","0","0.01246441","31.3029946299","346.81","","","Stake",""
"0xb76239087d85696ba28694cc4583fd436e7ae507f86660551129c70b7b3ac970","10568596","1596214455","2020-07-31 16:54:15","0x058b10cbe1872ad139b00326686ee8ccef274c58","0xe4ffd96b5e6d2b6cdb91030c48cc932756c951b5","","0","0","0","0.008548236","21.46795440804","346.81","","","Get Reward",""
"0x0e0bfcb07ed14a5f41a19d9f7e2fd8417beb0337720615112bb6b99b0b8c1aa5","10568620","1596214854","2020-07-31 17:00:54","0x9b588802951e250a4611e2e324f11f1a0cbf7892","0xe4ffd96b5e6d2b6cdb91030c48cc932756c951b5","","0","0","0","0.007273428","18.26641434492","346.81","","","Get Reward",""
"0x95a367c264a040d2fc3d8c27bcc99c8d229ec0f9652118294ebf44110fb67532","10568706","1596216025","2020-07-31 17:20:25","0x108a8b7200d044bbbe95bef6f671baec5473e05f","0xe4ffd96b5e6d2b6cdb91030c48cc932756c951b5","","0","0","0","0.008294328","20.83029239592","346.81","","","Get Reward",""
"0x6de4f0512fcdb31e7040ffa9107d2b4da49083723bf0d9747f560b15face7ef4","10568708","1596216036","2020-07-31 17:20:36","0x1d436c04aa4875866a14d124171eb3cb8564077b","0xe4ffd96b5e6d2b6cdb91030c48cc932756c951b5","","0","0","0","0.010861136","27.27654833904","346.81","","","Stake",""
"0x5d130b820272d3ca38ffc49388d31b75fdcdbb08d74b6c4a48aea707824d4916","10568721","1596216268","2020-07-31 17:24:28","0xb270dd05f41a7fd0ffcb3dc26f3f982998a7cfd1","0xe4ffd96b5e6d2b6cdb91030c48cc932756c951b5","","0","0","0","0.010809832","27.14770398648","346.81","","","Exit",""
"0xdb97b4263cf01d2b4e29f52f30f0fbd64d321f1707d551516689708325a7ffc6","10568732","1596216463","2020-07-31 17:27:43","0x4207fb065cba079bc0a487accbda282fd8446026","0xe4ffd96b5e6d2b6cdb91030c48cc932756c951b5","","0","0","0","0.01086008","27.2738963112","346.81","","","Stake",""
"0xb51bdfb2ae9cb2691a56d1025bd2c4a656dac6192ea6972c24a72af9b58edb63","10568751","1596216710","2020-07-31 17:31:50","0x4ffd288f35241f0c321c92bf17a933dbfed3f714","0xe4ffd96b5e6d2b6cdb91030c48cc932756c951b5","","0","0","0","0.007532604","18.91730635956","346.81","","","Get Reward",""
"0xf882eb190dbbfa6bb18b92a0449f7a10fc32afe412bb9fccabb3ba2b604635ad","10568761","1596216871","2020-07-31 17:34:31","0x9cb0a6b520d5c1fdf700beba8fe1b0866ef619e6","0xe4ffd96b5e6d2b6cdb91030c48cc932756c951b5","","0","0","0","0.010932671","27.45620062269","346.81","","","Exit",""
"0x97e1a67b9496838d25c75ee4fe19f95b575e1176c56bd142127f7f533615217f","10568782","1596217096","2020-07-31 17:38:16","0x316f99537b4bade5eea51073f1b7c38dfbf69a70","0xe4ffd96b5e6d2b6cdb91030c48cc932756c951b5","","0","0","0","0.00761724","19.1298603636","346.81","","","Get Reward",""
"0xa39da7d59221b6e952e51d8ca553eca4056e18c1b91885e7e50ba51d09b58d45","10568787","1596217202","2020-07-31 17:40:02","0xb270e1fc01d0e892363a967b7cef6eeb2be7bb25","0xe4ffd96b5e6d2b6cdb91030c48cc932756c951b5","","0","0","0","0.010120604","25.41678367956","346.81","","","Stake",""
"0xd68b9a3f137d90d528222b1abdbda8088d1237fadc7f0344bb0e005af4c3e862","10568797","1596217336","2020-07-31 17:42:16","0x9761ca56ab0622cc7870bbe1286ce01e41b2cb72","0xe4ffd96b5e6d2b6cdb91030c48cc932756c951b5","","0","0","0","0.010118636","25.41184126404","346.81","","","Stake",""
"0xd8dc363825796f947c925d31518ae2324f2034170385f99c3bb3fc22132e100f","10568797","1596217336","2020-07-31 17:42:16","0x6ec40ae0b3da2954c28924fce4f59a9594da782c","0xe4ffd96b5e6d2b6cdb91030c48cc932756c951b5","","0","0","0","0.004872576","12.23693864064","346.81","","","Get Reward",""
"0x0582f797045685a6c3a0de72a2dad10f402d9a73e9a81c25c681b9b5da98ea0f","10568830","1596217892","2020-07-31 17:51:32","0x108a8b7200d044bbbe95bef6f671baec5473e05f","0xe4ffd96b5e6d2b6cdb91030c48cc932756c951b5","","0","0","0","0.006178428","15.51644229492","346.81","","","Get Reward",""
"0x750127fd7e00bef8b6037cb480fa3b35e6f571e34747f78dc067e556f7aa0b46","10568847","1596218064","2020-07-31 17:54:24","0xaa1410f3bffded2715ba045c4237a668e15f5154","0xe4ffd96b5e6d2b6cdb91030c48cc932756c951b5","","0","0","0","0.008269274","20.76737203086","346.81","","","Stake",""
"0x858247fa4dfa967c788e83787ce26eaeabce8a48f0b10f94dad518b94f58a19f","10568857","1596218233","2020-07-31 17:57:13","0xef764bac8a438e7e498c2e5fccf0f174c3e3f8db","0xe4ffd96b5e6d2b6cdb91030c48cc932756c951b5","","0","0","0","0.009626916","24.17694057324","346.81","","","Stake",""
"0x5ff07a365c96d04788533244c115531118f385381254074e48fe10ca31665823","10568871","1596218418","2020-07-31 18:00:18","0x4cddff23d036e15fe786508ffa39b27f73b4a01a","0xe4ffd96b5e6d2b6cdb91030c48cc932756c951b5","","0","0","0","0.006263064","15.72899629896","346.81","","","Get Reward",""
"0x399d5e2d0ef74172d0d8e683aa8f5a0ed52e660a6123c76d4a64db3f69783e7d","10568871","1596218418","2020-07-31 18:00:18","0xafcfc04a489ecaae659a0b227224401ca0464004","0xe4ffd96b5e6d2b6cdb91030c48cc932756c951b5","","0","0","0","0.005481648","13.76655597072","346.81","","","Get Reward",""
"0x895d833b10ea3580f59e8b8cc248af482d10132dad730b7690644c5b29d6974a","10568884","1596218550","2020-07-31 18:02:30","0xc4ed448e7d7bdd954e943954459017be63584f69","0xe4ffd96b5e6d2b6cdb91030c48cc932756c951b5","","0","0","0","0.009924408","24.92405900712","346.81","","","Exit",""
"0xcc8b076e99963057166d34bae8d57feaee1928bba36768e17d9efa9be089441a","10568920","1596218951","2020-07-31 18:09:11","0xaa33cf57391ca508922b1a314cc1f999fe9d4439","0xe4ffd96b5e6d2b6cdb91030c48cc932756c951b5","","0","0","0","0.008884656","22.31283623184","346.81","","","Stake",""
"0xbdf209824ccea8fcfa52cca4b28457cdbe542b256e516b9b8d78342d97afd51c","10568924","1596219033","2020-07-31 18:10:33","0x1d436c04aa4875866a14d124171eb3cb8564077b","0xe4ffd96b5e6d2b6cdb91030c48cc932756c951b5","","0","0","0","0.00964873","24.2317240347","346.81","","","Exit",""
"0x062213da81a3df2a007224ff6a1f40ebbab4a7e4d521e1f617d2a936cfec4bba","10568942","1596219317","2020-07-31 18:15:17","0xa626bd40a8c88f59a4cf9b1821a7bd71fad96285","0xe4ffd96b5e6d2b6cdb91030c48cc932756c951b5","","0","0","0","0.00982712","24.6797308968","346.81","","","Exit",""
"0x7f6c635f3b54b8c9bcf0f34e4613935aeed300e6fdb96864190fc2648ee72545","10568949","1596219442","2020-07-31 18:17:22","0x2bfe66759f0331066f3e7d57b3dc9a96bfc17927","0xe4ffd96b5e6d2b6cdb91030c48cc932756c951b5","","0","0","0","0.009924408","24.92405900712","346.81","","","Exit",""
"0x25eacdfa93f79519b145f4ef7f0f06a5c856d714ddfbaceed8ef4ffd394e266f","10568951","1596219462","2020-07-31 18:17:42","0x0000000484f2217f1a64eb6d24b5cee446faeae5","0xe4ffd96b5e6d2b6cdb91030c48cc932756c951b5","","0","0","0","0.007109424","17.85453633936","346.81","","","Get Reward",""
"0x0ede2968e9d7b07b8104d909f1f234ef88ebfd8e4808f77277580fbd3ff33036","10568951","1596219462","2020-07-31 18:17:42","0x4cddff23d036e15fe786508ffa39b27f73b4a01a","0xe4ffd96b5e6d2b6cdb91030c48cc932756c951b5","","0","0","0","0.007204418","18.09310332102","346.81","","","Withdraw",""
"0x756a7497fa8572b368025c9d3b247ec7608673afd513048a3a4c8c994f6f5620","10568953","1596219539","2020-07-31 18:18:59","0x09b2b64a3f1084bc15c7ee33be7f5ce3414a4a60","0xe4ffd96b5e6d2b6cdb91030c48cc932756c951b5","","0","0","0","0.006874884","17.26551492876","346.81","","","Get Reward",""
"0xa066bade88da359ee59d9f3423a0ddf87b87dee2cdd871bd6a91c21dde32a933","10568954","1596219544","2020-07-31 18:19:04","0x4cddff23d036e15fe786508ffa39b27f73b4a01a","0xe4ffd96b5e6d2b6cdb91030c48cc932756c951b5","","0","0","0","0.005463864","13.72189341096","346.81","","","Get Reward",""
"0xc11b3fd21ad048946c1f7ef32278f68a0d537577be672a4eae974bc4180bf531","10568956","1596219586","2020-07-31 18:19:46","0xb270e1fc01d0e892363a967b7cef6eeb2be7bb25","0xe4ffd96b5e6d2b6cdb91030c48cc932756c951b5","","0","0","0","0.009373052","23.53938906228","346.81","","","Exit",""
"0xa03b05b011f757465d196cb45fa318c171ca2708706ab255f12e4a7de872410e","10568960","1596219606","2020-07-31 18:20:06","0x3dfe840869f6a11acc4c8c59a827671320549532","0xe4ffd96b5e6d2b6cdb91030c48cc932756c951b5","","0","0","0","0.006033912","15.15350625768","346.81","","","Get Reward",""
"0x499a424416b87198d25df540ce71f3b277a43fa010b2f622c3986200d8e64bcd","10568961","1596219608","2020-07-31 18:20:08","0xef764bac8a438e7e498c2e5fccf0f174c3e3f8db","0xe4ffd96b5e6d2b6cdb91030c48cc932756c951b5","","0","0","0","0.008170152","20.51843803128","346.81","","","Get Reward",""
"0x37856dd4a10572bed6f2ad4e7bd05d2ffd8d691044d019291ab82468e448ce22","10568964","1596219639","2020-07-31 18:20:39","0x5efb378b18682bee1acf36f2d04acc93b81e5ad3","0xe4ffd96b5e6d2b6cdb91030c48cc932756c951b5","","0","0","0","0.01842585","46.2744954315","346.81","","","Exit",""
"0xfe5308d64e3f14a2228fa360841abcd4c6beb6f6135139d9a5d3384fd9839a70","10568964","1596219639","2020-07-31 18:20:39","0xc8d6f9665d18163c2b5b4f9c4158f56b96c50f87","0xe4ffd96b5e6d2b6cdb91030c48cc932756c951b5","","0","0","0","0.008232264","20.67442548696","346.81","","","Exit",""
"0x0375c3c7ccb80e25d930863082469503e96260f691cd0733118e5b05c5fcefe3","10568966","1596219674","2020-07-31 18:21:14","0xfd26f25d6588b752a90e600aff038a654d64a42c","0xe4ffd96b5e6d2b6cdb91030c48cc932756c951b5","","0","0","0","0.008844408","22.21175780712","346.81","","","Exit",""
"0x287e214f1191e97c0e56909b5e331710c9effa11ca3c6a951427a58334bf6625","10568968","1596219700","2020-07-31 18:21:40","0x670e9bf3aa6a024249d0bac4a608eba05c21fbd4","0xe4ffd96b5e6d2b6cdb91030c48cc932756c951b5","","0","0","0","0.008638652","21.69502424628","346.81","","","Exit",""
"0xe37dc1e7beb00e94ea544ca41aa35025cbe447b463327df4cf4960cabc5c096b","10568969","1596219709","2020-07-31 18:21:49","0x91196e5333438dafa6d5a1f3db7c4552c39e52b0","0xe4ffd96b5e6d2b6cdb91030c48cc932756c951b5","","0","0","0","0.010337925","25.96256146575","346.81","","","Exit",""
"0x3b9b1a758ff588a331b53a240098ff326639ef8f3ee216154bfc3d4386cf3ddb","10568971","1596219717","2020-07-31 18:21:57","0x75f58030c190bb4288f56100f0ee49b6eeb4a134","0xe4ffd96b5e6d2b6cdb91030c48cc932756c951b5","","0","0","0","0.009924408","24.92405900712","346.81","","","Exit",""
"0xcdb99a976751139236e8619decbc3f6eab0cc424ab0c630195fdbe4bf7db8aa6","10568973","1596219752","2020-07-31 18:22:32","0x9761ca56ab0622cc7870bbe1286ce01e41b2cb72","0xe4ffd96b5e6d2b6cdb91030c48cc932756c951b5","","0","0","0","0.009373052","23.53938906228","346.81","","","Exit",""
"0x71b4e02e5e9614ccc213ba2b9f13d201f0e1a12d7bbfa535119c7105e47372b5","10568973","1596219752","2020-07-31 18:22:32","0xedc63f732d61df2556fd3ae84f911a84ac64b4ba","0xe4ffd96b5e6d2b6cdb91030c48cc932756c951b5","","0","0","0","0.007774916","19.52584629324","346.81","","","Exit",""
"0xd1630419733b21a4910219089a4f905e966ee246f2bd8a7b9adbf636cf1b0e1a","10568975","1596219776","2020-07-31 18:22:56","0x3146a07a380451b71a02979eb7ef723f9a27cffa","0xe4ffd96b5e6d2b6cdb91030c48cc932756c951b5","","0","0","0","0.008844408","22.21175780712","346.81","","","Exit",""
"0xfe0d9eabb939ad4c7dc0928317144a5369633102ff67d2fa611769bf4f2ca844","10568977","1596219844","2020-07-31 18:24:04","0xb2b4bb2566e59bdebf50e56808336b2fae74d025","0xe4ffd96b5e6d2b6cdb91030c48cc932756c951b5","","0","0","0","0.008844408","22.21175780712","346.81","","","Exit",""
"0xed33ad075d2909d16fbf2b709637b4bf93424d7f1fd9ef201a4bd6fb1506b7d1","10568977","1596219844","2020-07-31 18:24:04","0x14b25601e369b40f5bcd1de0f9a53174e3c59d34","0xe4ffd96b5e6d2b6cdb91030c48cc932756c951b5","","0","0","0","0.010247927","25.73654138853","346.81","","","Exit",""
"0x97cd9498e65bcfc6228521b4d455fe042ae2edbe6150fffe33840b6e37c07b6a","10568978","1596219850","2020-07-31 18:24:10","0xaa33cf57391ca508922b1a314cc1f999fe9d4439","0xe4ffd96b5e6d2b6cdb91030c48cc932756c951b5","","0","0","0","0.01270308","31.9023880812","346.81","","","Withdraw",""
"0x7a043a7baa4a75589510611c7428b14289b039ba8271fbd6d34b194465884a02","10568978","1596219850","2020-07-31 18:24:10","0xfdaf028f781a6eed9f9a39b2a538a3d7a1974e5f","0xe4ffd96b5e6d2b6cdb91030c48cc932756c951b5","","0","0","0","0.01029033","25.8430318587","346.81","","","Exit",""
"0xf9840cbec95d5d4a9e1fcaa816aa50b82ae49aa1fa5db8c4186bc1c6f2e71d8f","10568980","1596219952","2020-07-31 18:25:52","0x3dd48ad861f0b77d1312f9c95a13e52871ca95e0","0xe4ffd96b5e6d2b6cdb91030c48cc932756c951b5","","0","0","0","0.006905284","17.34186118476","346.81","","","Withdraw",""
"0x29bd54ce82c6695ebb7e2f78691af867908f3a62280350ae39b88b95deec205f","10568980","1596219952","2020-07-31 18:25:52","0x41bc7d0687e6cea57fa26da78379dfdc5627c56d","0xe4ffd96b5e6d2b6cdb91030c48cc932756c951b5","","0","0","0","0.007765275","19.50163398225","346.81","","","Exit",""
"0xc1d1b1802549f474915262d99109549f9061aa496fac2829c984e57ef0f52e69","10568980","1596219952","2020-07-31 18:25:52","0xaa1410f3bffded2715ba045c4237a668e15f5154","0xe4ffd96b5e6d2b6cdb91030c48cc932756c951b5","","0","0","0","0.009312264","23.38672668696","346.81","","","Exit",""
"0xa1f49f4e8d36b2f29c559bfd59da895c3754bc94f1573b792fd6eb440eee388d","10568981","1596219953","2020-07-31 18:25:53","0xc31db2e710192791b65de43d4b84886a6d770322","0xe4ffd96b5e6d2b6cdb91030c48cc932756c951b5","","0","0","0","0.006300114","15.82204329846","346.81","","","Get Reward",""
"0xfb044f72766ad01e5f918e98a1cad776511322bbe29d4c7b25ad16c54540b79c","10568981","1596219953","2020-07-31 18:25:53","0x0000000484f2217f1a64eb6d24b5cee446faeae5","0xe4ffd96b5e6d2b6cdb91030c48cc932756c951b5","","0","0","0","0.00800359","20.1001358901","346.81","","","Exit",""
"0x21ee7015af163a7c38e81bbc8321d0fdd69b17fec0587b69449c5cd10c4664ac","10568981","1596219953","2020-07-31 18:25:53","0x9c8fad7b297c634023ea5bface00bf2c2c985ec2","0xe4ffd96b5e6d2b6cdb91030c48cc932756c951b5","","0","0","0","0.005536008","13.90307513112","346.81","","","Get Reward",""
"0x1f637c3af0207eae470a9e1fd6e9b9c1b53057b3c6d041ad50e468deb9ca7296","10568981","1596219953","2020-07-31 18:25:53","0x5f12ab23d48345ceccf2397886610c199416bce1","0xe4ffd96b5e6d2b6cdb91030c48cc932756c951b5","","0","0","0","0.008924253","22.41227974167","346.81","","","Exit",""
"0xe56b85ea69337ed0d63ac8aafc2e02dcb7101449ced5765f1118e5c61b163063","10568983","1596219977","2020-07-31 18:26:17","0x1be178db4f24bce596055a02fd27b6119c7b1918","0xe4ffd96b5e6d2b6cdb91030c48cc932756c951b5","","0","0","0","0.008844408","22.21175780712","346.81","","","Exit",""
"0xe44af3b0d61301b9e74222d83176b764cd3e88e9ea611a6170a82958a34ba7f4","10568984","1596219992","2020-07-31 18:26:32","0xa608c8880ed69ae525ca4cc97e5e09d823f6b1c4","0xe4ffd96b5e6d2b6cdb91030c48cc932756c951b5","","0","0","0","0.03180485","79.8743822415","346.81","","","Withdraw",""
"0x67cd2edab76f40bc87f9b7df0a03019ef0dbc37dc0cd11bcc3b978b8b79c72e3","10568984","1596219992","2020-07-31 18:26:32","0x316f99537b4bade5eea51073f1b7c38dfbf69a70","0xe4ffd96b5e6d2b6cdb91030c48cc932756c951b5","","0","0","0","0.00876213","22.0051256607","346.81","","","Withdraw",""
"0xa108e484b89c04cf90e3ca4b9ae547519cd520f5440c1200c2a5c906d7d77974","10568986","1596220058","2020-07-31 18:27:38","0x09b2b64a3f1084bc15c7ee33be7f5ce3414a4a60","0xe4ffd96b5e6d2b6cdb91030c48cc932756c951b5","","0","0","0","0.007861696","19.74378471744","346.81","","","Exit",""
"0x16eb8bb28d5b80f4c43ce2e69e37f354b1735ff011ed36b120fd6ad515e08bfa","10568987","1596220067","2020-07-31 18:27:47","0xef764bac8a438e7e498c2e5fccf0f174c3e3f8db","0xe4ffd96b5e6d2b6cdb91030c48cc932756c951b5","","0","0","0","0.009949959","24.98822753301","346.81","","","Exit",""
"0x2b0de8ede4672469892f2422f57709ad961547be34510d91ac2cf1b48370ed88","10568993","1596220127","2020-07-31 18:28:47","0xafcfc04a489ecaae659a0b227224401ca0464004","0xe4ffd96b5e6d2b6cdb91030c48cc932756c951b5","","0","0","0","0.013022133","32.70365459487","346.81","","","Withdraw",""
"0xf6537172f8693bcf6631a3e94327a6177faae465568a0ad14f5e68c442f6bced","10568994","1596220137","2020-07-31 18:28:57","0xc8b53a46cfef965c13919797c7aef78ff8146d1b","0xe4ffd96b5e6d2b6cdb91030c48cc932756c951b5","","0","0","0","0.03705905","93.0697275795","346.81","","","Withdraw",""
"0x57dd22b0e7958bedf5b3a44cbcfb71ac7da8ffe5bdadf10c1edaa3521f496c29","10568994","1596220137","2020-07-31 18:28:57","0x4207fb065cba079bc0a487accbda282fd8446026","0xe4ffd96b5e6d2b6cdb91030c48cc932756c951b5","","0","0","0","0.0129337","32.481564843","346.81","","","Exit",""
"0xd4e64ee79c215c8a10cb3b6f1f199572b14220d7709664be277ada9cac6d4abb","10568994","1596220137","2020-07-31 18:28:57","0x316f99537b4bade5eea51073f1b7c38dfbf69a70","0xe4ffd96b5e6d2b6cdb91030c48cc932756c951b5","","0","0","0","0.0067357","16.915969623","346.81","","","Withdraw",""
"0x77bc597767b6e8dc7e9baa9e21474e77124601eca01d33f3a5b7765e0f8aadde","10568994","1596220137","2020-07-31 18:28:57","0xd6b806f51d41947b6c8465363de90941a81fd8bd","0xe4ffd96b5e6d2b6cdb91030c48cc932756c951b5","","0","0","0","0.008232264","20.67442548696","346.81","","","Exit",""
"0x452ca3b09f2ed74210b1bb7c4bcf314aa049e2336e81625054845c914f7e6844","10568997","1596220172","2020-07-31 18:29:32","0xa0f75491720835b36edc92d06ddc468d201e9b73","0xe4ffd96b5e6d2b6cdb91030c48cc932756c951b5","","0","0","0","0.0122839","30.849663621","346.81","","","Exit",""
"0xfaf529d823b25f6ab078aa90a8885190ff483c3f03e1d703a7117fc4b1c97a08","10569000","1596220220","2020-07-31 18:30:20","0x221dba3c5ac8abeff8a20d660c7cdb328ebdd7a3","0xe4ffd96b5e6d2b6cdb91030c48cc932756c951b5","","0","0","0","0.007730691","19.41478007049","346.81","","","Exit",""
"0x95b6e96b3df966679e9d5e2468d2e7cba6403d6551be85e9745b76cf7b1db192","10569000","1596220220","2020-07-31 18:30:20","0x221dba3c5ac8abeff8a20d660c7cdb328ebdd7a3","0xe4ffd96b5e6d2b6cdb91030c48cc932756c951b5","","0","0","0","0.003019923","7.58420442297","346.81","Error(0)","Reverted","Exit",""
"0x20d9cdc0488b66460a7cf886ae5f78b3115cc27e1a8adf67675f8d7f6a5bf70f","10569006","1596220292","2020-07-31 18:31:32","0x23c98b17743ef687cbab84cef9eca52d4934455a","0xe4ffd96b5e6d2b6cdb91030c48cc932756c951b5","","0","0","0","0.011310086","28.40403687954","346.81","","","Exit",""
"0x1f7231c57fd2dc35490ad727c08aa7cf31979495641482dde321523568cd9e4e","10569009","1596220325","2020-07-31 18:32:05","0x5d47aa241f7c88b1b9b96f824c206de026b8b03f","0xe4ffd96b5e6d2b6cdb91030c48cc932756c951b5","","0","0","0","0.006541848","16.42913164872","346.81","","","Withdraw",""
"0xcdfca1d9bee116e4abbd99419ef74f9bd0359e8681b82e7a7bc9a0a08333c682","10569014","1596220365","2020-07-31 18:32:45","0x5e8d405cbc564473d85a9a31fbfca76167d69978","0xe4ffd96b5e6d2b6cdb91030c48cc932756c951b5","","0","0","0","0.013094705","32.88591118995","346.81","","","Exit",""
"0x267c8be3148be056494c3e2f22eb6df6c798b1c15b18235088dbed7373102eb6","10569015","1596220378","2020-07-31 18:32:58","0xd81a19b8b3be4912018b32ad634c0ca873f45189","0xe4ffd96b5e6d2b6cdb91030c48cc932756c951b5","","0","0","0","0.011301188","28.38169053132","346.81","","","Exit",""
"0xb8be77ec3db9e7c343bb0e4c8a6539c8e69cd6a8426247081f583d8940b70572","10569015","1596220378","2020-07-31 18:32:58","0xd81a19b8b3be4912018b32ad634c0ca873f45189","0xe4ffd96b5e6d2b6cdb91030c48cc932756c951b5","","0","0","0","0.002932389","7.36437241071","346.81","Error(0)","Reverted","Exit",""
"0xa120306d8dd813e1792595849b06c7f0f21b3f97fbf1d17bdb214b10cc489c16","10569018","1596220417","2020-07-31 18:33:37","0x058b10cbe1872ad139b00326686ee8ccef274c58","0xe4ffd96b5e6d2b6cdb91030c48cc932756c951b5","","0","0","0","0.009235213","23.19322157607","346.81","","","Exit",""
"0x45eae48c08659d48d81b5d0aadfff0d43e7b902f2b62c34233dbdaca36b257cc","10569021","1596220476","2020-07-31 18:34:36","0x2b39c6ed2a2cfe57cc862a0b51c3fbcd3f9c9e8a","0xe4ffd96b5e6d2b6cdb91030c48cc932756c951b5","","0","0","0","0.0529355","132.941685345","346.81","","","Withdraw",""
"0x96de3611cdd48610fa8e74bacb7700b7016be3e0ac844bb5e20f98cda8b9f208","10569024","1596220571","2020-07-31 18:36:11","0x26d13c17659e1305344ee31635b5a2b72e94d82e","0xe4ffd96b5e6d2b6cdb91030c48cc932756c951b5","","0","0","0","0.01016312","25.5235579368","346.81","","","Exit",""
"0x86396da25750519bb85c50d962940a5f8c581354738f73e7fd16524a7b98fbaf","10569030","1596220633","2020-07-31 18:37:13","0xfde0ebba06528945e4ac1ebf1534ad147f8b4bac","0xe4ffd96b5e6d2b6cdb91030c48cc932756c951b5","","0","0","0","0.009097374","22.84705408986","346.81","","","Exit",""
"0x6b4578e2b802adacb4b3d462846c9d2fa9acde2856431f465724a3f2fdc9db45","10569034","1596220721","2020-07-31 18:38:41","0x5ebef435b9538053b56e13b0c5f0b03513728a23","0xe4ffd96b5e6d2b6cdb91030c48cc932756c951b5","","0","0","0","0.0529295","132.926617005","346.81","","","Withdraw",""
"0x66a9f8593cf7729eea1efe9e198d594f8cd6882f3b4f9f95b6e8a0db7a7759e9","10569042","1596220822","2020-07-31 18:40:22","0x244505cd66dc4cc15e58b61e0cd068d464229010","0xe4ffd96b5e6d2b6cdb91030c48cc932756c951b5","","0","0","0","0.03705905","93.0697275795","346.81","","","Withdraw",""
"0x06dc92bbd6df00e6151b09560eee71709f5d9d2ab8e78b8f92693d2c97879648","10569049","1596220969","2020-07-31 18:42:49","0x22fa8cc33a42320385cbd3690ed60a021891cb32","0xe4ffd96b5e6d2b6cdb91030c48cc932756c951b5","","0","0","0","0.012406739","31.15816025721","346.81","","","Exit",""
"0xc9479e7ff2abe8267df42aa3a7fa445204eabd7c087ef520580cd22ec9037af2","10569052","1596221021","2020-07-31 18:43:41","0x82eab62c00161baca05c6bd20c9292d7f1752ce2","0xe4ffd96b5e6d2b6cdb91030c48cc932756c951b5","","0","0","0","0.00597816","15.0134912424","346.81","","","Get Reward",""
"0x7e8519f24a1c7a870b39074ea33767c8440b69f3ee65ba1a12be9d72165b754b","10569055","1596221061","2020-07-31 18:44:21","0xfbb91c8a81c57598eae29d25e9665128a9edd280","0xe4ffd96b5e6d2b6cdb91030c48cc932756c951b5","","0","0","0","0.00714557376","17.9453224851264","346.81","","","Exit",""
"0x2aadba16f0812737c4e0a45d09165d4ea0aeb4616161cb9b6078b5e006664895","10569057","1596221091","2020-07-31 18:44:51","0xd4f73bc9153dcbd551d5471bdbf13a9120f60d83","0xe4ffd96b5e6d2b6cdb91030c48cc932756c951b5","","0","0","0","0.03705905","93.0697275795","346.81","","","Withdraw",""
"0x70213e5c8e8f673f98bb51199e0363dc1ef3b49bd3c9fdf03dc2ff9947bc4827","10569057","1596221091","2020-07-31 18:44:51","0xbd6f5bdc401ab1ca811e40755f4a2ddad75ce2cc","0xe4ffd96b5e6d2b6cdb91030c48cc932756c951b5","","0","0","0","0.00800359","20.1001358901","346.81","","","Exit",""
"0x3dac88db1e4faae3c164fbd0efcf524565be5f676f346ce5e5ffe94eb191e5b1","10569068","1596221387","2020-07-31 18:49:47","0x6ec40ae0b3da2954c28924fce4f59a9594da782c","0xe4ffd96b5e6d2b6cdb91030c48cc932756c951b5","","0","0","0","0.00859873","21.5947645347","346.81","","","Exit",""
"0x75f14bbeb612fcee48374ad1df7e94c30b0c0be021ac0db28fdb4a3ae0f97171","10569087","1596221729","2020-07-31 18:55:29","0x68f593572402632c724bc2d2fca05e91541269f3","0xe4ffd96b5e6d2b6cdb91030c48cc932756c951b5","","0","0","0","0.008132501","20.42388168639","346.81","","","Exit",""
"0x36bfc498d8fcea6d9baebc8dc9855283b559cce847394fe1030257e8d5ade915","10569091","1596221755","2020-07-31 18:55:55","0x6f9bb7e454f5b3eb2310343f0e99269dc2bb8a1d","0xe4ffd96b5e6d2b6cdb91030c48cc932756c951b5","","0","0","0","0.004930835","12.38324971065","346.81","","","Withdraw",""
"0xf5a1af2b758a890fc3392371715bdecc9390133227b72cc07de7daa636d848bd","10569091","1596221755","2020-07-31 18:55:55","0xa914c3f59abc6deae86e39d2ae538c2ffbe95562","0xe4ffd96b5e6d2b6cdb91030c48cc932756c951b5","","0","0","0","0.006522831","16.38137254509","346.81","","","Exit",""
"0xc6302657db90b0c01919386afc261ac939efec80062a6f4a44ea38dcb7cbcbfb","10569101","1596221911","2020-07-31 18:58:31","0x82eab62c00161baca05c6bd20c9292d7f1752ce2","0xe4ffd96b5e6d2b6cdb91030c48cc932756c951b5","","0","0","0","0.00859873","21.5947645347","346.81","","","Exit",""
"0xf05bbc5a467e8012fd71d28d2c29611245559193d0017df55c2a5c395a3501f1","10569121","1596222180","2020-07-31 19:03:00","0xfb5b840a85d41bf28081a31b186fce24eff5ab5f","0xe4ffd96b5e6d2b6cdb91030c48cc932756c951b5","","0","0","0","0.009097374","22.84705408986","346.81","","","Exit",""
"0x011738c63d4292905dc0d05a306cf679b3b0cd6ff0271aee8d2ca30a5f47049a","10569131","1596222375","2020-07-31 19:06:15","0x8e0acc3ff785a279551e2107125d1290156bedec","0xe4ffd96b5e6d2b6cdb91030c48cc932756c951b5","","0","0","0","0.009097374","22.84705408986","346.81","","","Exit",""
"0x52efeb8bb91666a693b3e2c5ceaaaa443269594e79ae0b86b66c8bcd2c6f0106","10569159","1596222729","2020-07-31 19:12:09","0x164a15e16d697c2f8ac77c2866441f411365d396","0xe4ffd96b5e6d2b6cdb91030c48cc932756c951b5","","0","0","0","0.0012474","3.132707886","346.81","Error(0)","Out of gas","Transfer",""
"0x9b59a5356c51f3185e8bef99eb1ff600da99aa9acd579ac59cff85f2464a03ac","10569166","1596222806","2020-07-31 19:13:26","0x108a8b7200d044bbbe95bef6f671baec5473e05f","0xe4ffd96b5e6d2b6cdb91030c48cc932756c951b5","","0","0","0","0.008107374","20.36077798986","346.81","","","Exit",""
"0x123091e94831a28846e09d472945bc5c728e74435a2b7cb1b1cbbfc9126a0648","10569181","1596223052","2020-07-31 19:17:32","0x164a15e16d697c2f8ac77c2866441f411365d396","0xe4ffd96b5e6d2b6cdb91030c48cc932756c951b5","","0","0","0","0.009097374","22.84705408986","346.81","","","Exit",""
"0xb9b4203811e889854aca47e575ec9c8c88203457764a4414b4ffa169e580656b","10569237","1596223744","2020-07-31 19:29:04","0x8ad022c6c7e40cecda7573607e4a1a98b611b7ef","0xe4ffd96b5e6d2b6cdb91030c48cc932756c951b5","","0","0","0","0.01240551","31.1550737589","346.81","","","Exit",""
"0xd0338f450bc727fe195c8f6b6733ba8a7d7ac5a327b7128f58163e367b9da533","10569280","1596224310","2020-07-31 19:38:30","0x7d480d5fa0e8ab1232c02daf9aba33fd812987fa","0xe4ffd96b5e6d2b6cdb91030c48cc932756c951b5","","0","0","0","0.007581145","19.03921174155","346.81","","","Exit",""
"0xb73992a673c383f2f3d4fd11f4ec17dd63d8fad7626351645c4b47e683f5add4","10569329","1596224881","2020-07-31 19:48:01","0xde13608e87cdd70c5b10c0de1bdc467f66d846c4","0xe4ffd96b5e6d2b6cdb91030c48cc932756c951b5","","0","0","0","0.00737034","18.5097981726","346.81","","","Exit",""
"0x98d3b60ca777603e47a349ff033fb2ec6f1123bdaf242344fd825aa0e18dd4c1","10569424","1596226039","2020-07-31 20:07:19","0x72eb41ae7f943445da9932662d31a06d56a3cfaa","0xe4ffd96b5e6d2b6cdb91030c48cc932756c951b5","","0","0","0","0.006266399","15.73737178461","346.81","","","Exit",""
"0x28ec11282e8fbb7704e5343c6d59303a5cc3fc39b70697373916f5556760f56b","10569502","1596226859","2020-07-31 20:20:59","0x99c3e004363e650718273dcf9d0ca74bc4348932","0xe4ffd96b5e6d2b6cdb91030c48cc932756c951b5","","0","0","0","0.0275678","69.233497242","346.81","","","Exit",""
"0x5e726b9ec638656ae842aaed079083e2feaf49b82ee8a57877a622124152d00e","10569617","1596228390","2020-07-31 20:46:30","0x847eaa8e0a808305b00305da61b875dd2ca3fbac","0xe4ffd96b5e6d2b6cdb91030c48cc932756c951b5","","0","0","0","0.006756145","16.96731499155","346.81","","","Exit",""
"0x8ef2c4d45f57e757871b53a38f35300a3b343c54241afdb633261b599fdced62","10569620","1596228410","2020-07-31 20:46:50","0x0573b48cd681560818e1c6f5be2dee53f2807bc6","0xe4ffd96b5e6d2b6cdb91030c48cc932756c951b5","","0","0","0","0.00508156","12.7617789684","346.81","","","Exit",""
"0xeb591af4d196dc73681708b9c8d31c27621eee6dcdf737d9c43ce36910e85f41","10569682","1596229319","2020-07-31 21:01:59","0xe1de283eab72a68f7ff972fca13f8953c6e15e51","0xe4ffd96b5e6d2b6cdb91030c48cc932756c951b5","","0","0","0","0.004593599","11.53631859261","346.81","","","Exit",""
"0x2a737fdd7930e1958a045e2bc165cf69fcaf54740ad69d1bd86e296de15485ab","10569734","1596229943","2020-07-31 21:12:23","0xc250faac530589cce5a5c22e5f0961fa212542c1","0xe4ffd96b5e6d2b6cdb91030c48cc932756c951b5","","0","0","0","0.01105551","27.7646972589","346.81","","","Exit",""
"0xfb0999029351c7649853d5f2c8ecdd86e867abc36866591e6440bebce913200d","10570036","1596233691","2020-07-31 22:14:51","0x4ffd288f35241f0c321c92bf17a933dbfed3f714","0xe4ffd96b5e6d2b6cdb91030c48cc932756c951b5","","0","0","0","0.005404916","13.57385199324","346.81","","","Exit",""
"0xd92281d1a314057c955f3429e759c1c84a0cadaad3b35b8b1a8a1e88f149b91d","10570061","1596234100","2020-07-31 22:21:40","0xfe2353c808f2409ccb81508005a62cef29457706","0xe4ffd96b5e6d2b6cdb91030c48cc932756c951b5","","0","0","0","0.00551356","13.8466994484","346.81","","","Exit",""
"0x2436486763cbc10170408390bba3b7e9a60cc6bb8179107560eabf51229a1890","10570155","1596235354","2020-07-31 22:42:34","0x50b1b62220390b63cdc539ded301fde9ea85ab71","0xe4ffd96b5e6d2b6cdb91030c48cc932756c951b5","","0","0","0","0.00554249568","13.9193682257952","346.81","","","Exit",""
"0x6b45bf54c985b2ee532ef6230fcc293f28d7faeb38f405b3ed2e321e5d049457","10570163","1596235451","2020-07-31 22:44:11","0xf85f5637b21dfa62293a77c956e17d299199baa4","0xe4ffd96b5e6d2b6cdb91030c48cc932756c951b5","","0","0","0","0.0038170836","9.586185582204","346.81","","","Get Reward",""
"0x23812d406291a28101b1ff1d33ddf9b818c61b624300cf148b998b8b1b133b2d","10570166","1596235464","2020-07-31 22:44:24","0xbbee065885558fba6a5c0cd8f7b827f631137900","0xe4ffd96b5e6d2b6cdb91030c48cc932756c951b5","","0","0","0","0.005589716","14.03795686524","346.81","","","Exit",""
"0xbbb3f08dbb01491f7b4d09c9e59a6c3a541c75de756c41c615f8b26cd61ea8f8","10570189","1596235825","2020-07-31 22:50:25","0xf85f5637b21dfa62293a77c956e17d299199baa4","0xe4ffd96b5e6d2b6cdb91030c48cc932756c951b5","","0","0","0","0.0062165389","15.612153628071","346.81","","","Exit",""
"0xe01232b1bbd97beb44ffd7800d310aa697cc51416cf50d3e32b18221d5f9b106","10570223","1596236270","2020-07-31 22:57:50","0x697e69c7fcd8e7da793b28ba80b7ec1b6800647e","0xe4ffd96b5e6d2b6cdb91030c48cc932756c951b5","","0","0","0","0.00508156","12.7617789684","346.81","","","Exit",""
"0xa9b9425352b33cb6ea5cf4b2b8ad23d4adbfff924e7506fa871ade16512b6c3c","10570322","1596237639","2020-07-31 23:20:39","0x57099da19e52784823c0aab1e8d8124e964c4282","0xe4ffd96b5e6d2b6cdb91030c48cc932756c951b5","","0","0","0","0.003998324","10.04135091036","346.81","","","Withdraw",""
"0x1992c6047e76ce684c7b016c64b6f61431fb3397552db985c70c4dcf3e26f78c","10570435","1596239264","2020-07-31 23:47:44","0xcefcca169357a18eb8c3f230f92b58562e48cae5","0xe4ffd96b5e6d2b6cdb91030c48cc932756c951b5","","0","0","0","0.006064916","15.23136939324","346.81","","","Exit",""
"0x45981214da237162512940d75bfda058ac5741ce33a75f96f94af195ab043076","10570467","1596239744","2020-07-31 23:55:44","0xab262d7b21a667b8c5b23b14e25d75be9ac6c3e2","0xe4ffd96b5e6d2b6cdb91030c48cc932756c951b5","","0","0","0","0.007030594","17.65656346566","346.81","","","Exit",""
"0xc8ed079aa1d51bb300fa380761969494174fa99a458e8aea689bdb7fbe8e8d37","10570508","1596240450","2020-08-01 00:07:30","0x846b38bca519a7cb24e06edca34fc73726c5e252","0xe4ffd96b5e6d2b6cdb91030c48cc932756c951b5","","0","0","0","0.00827034","20.7700491726","387.41","","","Exit",""
"0xe5ca09d080e4eb79efe193c2a4d6b3840e354d20b48b7433ea43112be5b96caf","10570519","1596240620","2020-08-01 00:10:20","0x8474c43970481015019819936793ddc210a0050e","0xe4ffd96b5e6d2b6cdb91030c48cc932756c951b5","","0","0","0","0.005527755","13.88234862945","387.41","","","Exit",""
"0x9a61ab145a9ae7613afca06bc51f18c57b22720cb338f44e553299b1892db64e","10570524","1596240664","2020-08-01 00:11:04","0xe701d6bb1a514b0d9c85f8b9f8e30adec3d90afd","0xe4ffd96b5e6d2b6cdb91030c48cc932756c951b5","","0","0","0","0.005527755","13.88234862945","387.41","","","Exit",""
"0x66a008650c5f30fe50a9dd480be106860bd492cf7239d7ae90a0d2e03a1b12b7","10570621","1596241803","2020-08-01 00:30:03","0x170e26a0abde5f9a4cdf19143d166500b9b08382","0xe4ffd96b5e6d2b6cdb91030c48cc932756c951b5","","0","0","0","0.00423063772539163","10.6247812771713","387.41","","","Withdraw",""
"0x2effeab6f9372e5a4256a36ea2554a8a6d50f34661c9f38560a34388c2ccf7a9","10570683","1596242807","2020-08-01 00:46:47","0x62c739355acb578caaf7481ab6e35f2895ecc5e7","0xe4ffd96b5e6d2b6cdb91030c48cc932756c951b5","","0","0","0","0.005843794","14.67604581366","387.41","","","Exit",""
"0x22373b91134d0d8aa6952125e782ec1592dd69aa93a435dc42ce699fdd5ba79a","10570696","1596243010","2020-08-01 00:50:10","0xe44799ef334df157e0f8e2855e5ebebdbc02b299","0xe4ffd96b5e6d2b6cdb91030c48cc932756c951b5","","0","0","0","0.002597574","6.52352136786","387.41","Error(0)","Reverted","Exit",""
"0x7e236f6375f527eddfd1722c720f0272f204d77ef8ce5f889c5a68ff56fa2468","10570704","1596243073","2020-08-01 00:51:13","0x9b588802951e250a4611e2e324f11f1a0cbf7892","0xe4ffd96b5e6d2b6cdb91030c48cc932756c951b5","","0","0","0","0.005077892796128476","12.7525691892691","387.41","","","Exit",""
"0x887647870348067b81cf86b8f70b68d84af7effbacf64d7a1016a06968246032","10570749","1596243795","2020-08-01 01:03:15","0x926aeb2e23d45a698413b3b6ed6b72a0ecc5d59d","0xe4ffd96b5e6d2b6cdb91030c48cc932756c951b5","","0","0","0","0.006340594","15.92370436566","387.41","","","Exit",""
"0xc5234463b561e175a89acd32e7082eb7164493a5ae6e049d07b0f344f6e2e892","10570758","1596243898","2020-08-01 01:04:58","0xe44799ef334df157e0f8e2855e5ebebdbc02b299","0xe4ffd96b5e6d2b6cdb91030c48cc932756c951b5","","0","0","0","0.002484636","6.23989000404","387.41","Error(0)","Reverted","Exit",""
"0xd2c0750cea4949ce7eb2fe3bf26751dac50f8b42ce5460608ce997872149ab80","10570775","1596244059","2020-08-01 01:07:39","0x03b9129679cf84e608c072677003a1e65089433c","0xe4ffd96b5e6d2b6cdb91030c48cc932756c951b5","","0","0","0","0.005651399","14.19286693461","387.41","","","Exit",""
"0xc84609295515efb398f59eb1ade4e493bc72576c5989ed5dd9aa62beafc82ea7","10570783","1596244226","2020-08-01 01:10:26","0x5a76ea2b8ecbb5622ae69e6aed1ff60a9f353d4c","0xe4ffd96b5e6d2b6cdb91030c48cc932756c951b5","","0","0","0","0.005970833","14.99509028787","387.41","","","Exit",""
"0xab6530bf108435cdf8416b428c02b1de4715fe3f03a022bd2b2e9e55410656f0","10570979","1596247058","2020-08-01 01:57:38","0x7620fd9b67f62de89334c3ca58212c82260bc666","0xe4ffd96b5e6d2b6cdb91030c48cc932756c951b5","","0","0","0","0.006064916","15.23136939324","387.41","","","Exit",""
"0x239ef50e6ab7e95978dbf19f1cc2e053caef7442a97a52e770b9ab364a33a388","10571053","1596248082","2020-08-01 02:14:42","0x964e2d8eceda7b7bc56606cf19fdd37ce1b1da0b","0xe4ffd96b5e6d2b6cdb91030c48cc932756c951b5","","0","0","0","0.005589716171121533","14.0379572949929","387.41","","","Exit",""
"0x203bb7e09baadba15aeb59c17fdcaaf9fbcae6171a94c29b9ed635c3ac56f50f","10571053","1596248082","2020-08-01 02:14:42","0x964e2d8eceda7b7bc56606cf19fdd37ce1b1da0b","0xe4ffd96b5e6d2b6cdb91030c48cc932756c951b5","","0","0","0","0.002057049","5.16605228811","387.41","Error(0)","Reverted","Exit",""
"0xfe882b487765804397be1289490151e8a98b16d5b3a018ae5dc7443dbe357405","10571077","1596248450","2020-08-01 02:20:50","0x39fcfa14df3992f057fcc22df714bd24c844dc2d","0xe4ffd96b5e6d2b6cdb91030c48cc932756c951b5","","0","0","0","0.006478433","16.26987185187","387.41","","","Exit",""
"0xd3faa23fd7a195a98479e93460b414927df3c63ca03985eb23191818803b2d12","10586701","1596456621","2020-08-03 12:10:21","0x0573b48cd681560818e1c6f5be2dee53f2807bc6","0xe4ffd96b5e6d2b6cdb91030c48cc932756c951b5","","0","0","0","0.00975582","24.5006687898","386.10","","","Stake",""
"0xc7dc36b407d95b154539aa4332bef0b15ceb7db95ff06b856116cc2c066f61a0","10586712","1596456745","2020-08-03 12:12:25","0x0573b48cd681560818e1c6f5be2dee53f2807bc6","0xe4ffd96b5e6d2b6cdb91030c48cc932756c951b5","","0","0","0","0.009458603","23.75424098817","386.10","","","Exit",""
"0x6cd9281da92610554577bd333f74ad3de2cd1b38842fcc083b9fdc56d15b8b40","10761096","1598775736","2020-08-30 08:22:16","0xe857656b7804ecc0d0d0fd643c6cfb69063a7d1a","0xe4ffd96b5e6d2b6cdb91030c48cc932756c951b5","","0","0","0","0.022540105","56.60699429595","429.04","","","Exit",""
